 ====================================================================
      i NZ NE iSLP iLV iCONF                 E(RYD)      TE(RYD)   gi
 ====================================================================
      1 13 11  200   1 2p6 3s          -2.07341E+00  0.00000E+00  2.0
      2 13 11  200   2 2p6 4s          -9.36023E-01  1.13739E+00  2.0
      3 13 11  200   3 2p6 5s          -5.33858E-01  1.53955E+00  2.0
      4 13 11  200   4 2p6 6s          -3.44846E-01  1.72856E+00  2.0
      5 13 11  200   5 2p6 7s          -2.41057E-01  1.83235E+00  2.0
      6 13 11  200   6 2p6 8s          -1.77970E-01  1.89544E+00  2.0
      7 13 11  200   7 2p6 9s          -1.36771E-01  1.93664E+00  2.0
      8 13 11  200   8 2p610s          -1.08387E-01  1.96502E+00  2.0
      9 13 11  211   1 2p6 3p          -1.58604E+00  4.87370E-01  6.0
     10 13 11  211   2 2p6 4p          -7.76579E-01  1.29683E+00  6.0
     11 13 11  211   3 2p6 5p          -4.62574E-01  1.61084E+00  6.0
     12 13 11  211   4 2p6 6p          -3.07006E-01  1.76640E+00  6.0
     13 13 11  211   5 2p6 7p          -2.18607E-01  1.85480E+00  6.0
     14 13 11  211   6 2p6 8p          -1.63573E-01  1.90984E+00  6.0
     15 13 11  211   7 2p6 9p          -1.26992E-01  1.94642E+00  6.0
     16 13 11  211   8 2p610p          -1.01444E-01  1.97197E+00  6.0
     17 13 11  220   1 2p6 3d          -1.03713E+00  1.03628E+00 10.0
     18 13 11  220   2 2p6 4d          -5.81332E-01  1.49208E+00 10.0
     19 13 11  220   3 2p6 5d          -3.69922E-01  1.70349E+00 10.0
     20 13 11  220   4 2p6 6d          -2.55812E-01  1.81760E+00 10.0
     21 13 11  220   5 2p6 7d          -1.87359E-01  1.88605E+00 10.0
     22 13 11  220   6 2p6 8d          -1.43105E-01  1.93031E+00 10.0
     23 13 11  220   7 2p6 9d          -1.12858E-01  1.96055E+00 10.0
     24 13 11  220   8 2p610d          -9.12758E-02  1.98213E+00 10.0
     25 13 11  231   1 2p6 4f          -5.63197E-01  1.51021E+00 14.0
     26 13 11  231   2 2p6 5f          -3.60435E-01  1.71298E+00 14.0
     27 13 11  231   3 2p6 6f          -2.50274E-01  1.82314E+00 14.0
     28 13 11  231   4 2p6 7f          -1.83855E-01  1.88955E+00 14.0
     29 13 11  231   5 2p6 8f          -1.40750E-01  1.93266E+00 14.0
     30 13 11  231   6 2p6 9f          -1.11201E-01  1.96221E+00 14.0
     31 13 11  231   7 2p610f          -9.00666E-02  1.98334E+00 14.0
     32 13 12  100   1 3s2             -1.38689E+00  0.00000E+00  1.0
     33 13 12  100   2 3s 4s           -5.13458E-01  8.73432E-01  1.0
     34 13 12  100   3 3p2             -3.50974E-01  1.03592E+00  1.0
     35 13 12  100   4 3s 5s           -2.77667E-01  1.10922E+00  1.0
     36 13 12  100   5 3s 6s           -1.73487E-01  1.21340E+00  1.0
     37 13 12  100   6 3s 7s           -1.18691E-01  1.26820E+00  1.0
     38 13 12  100   7 3s 8s           -8.63389E-02  1.30055E+00  1.0
     39 13 12  100   8 3s 9s           -6.56270E-02  1.32126E+00  1.0
     40 13 12  100   9 3s10s           -5.15666E-02  1.33532E+00  1.0
     41 13 12  100  10 3s11s           -4.15855E-02  1.34530E+00  1.0
     42 13 12  110   1 3p 4p            4.62160E-02  1.43311E+00  3.0
     43 13 12  110   2 3p 5p            2.44298E-01  1.63119E+00  3.0
     44 13 12  110   3 3p 6p            3.33814E-01  1.72070E+00  3.0
     45 13 12  110   4 3p 7p            3.81777E-01  1.76867E+00  3.0
     46 13 12  110   5 3p 8p            4.10554E-01  1.79744E+00  3.0
     47 13 12  110   6 3p 9p            4.29222E-01  1.81611E+00  3.0
     48 13 12  110   7 3p10p            4.42035E-01  1.82893E+00  3.0
     49 13 12  111   1 3s 3p           -8.31109E-01  5.55781E-01  3.0
     50 13 12  111   2 3s 4p           -4.05457E-01  9.81433E-01  3.0
     51 13 12  111   3 3s 5p           -2.36166E-01  1.15072E+00  3.0
     52 13 12  111   4 3s 6p           -1.53707E-01  1.23318E+00  3.0
     53 13 12  111   5 3s 7p           -1.08222E-01  1.27867E+00  3.0
     54 13 12  111   6 3s 8p           -8.05421E-02  1.30635E+00  3.0
     55 13 12  111   7 3s 9p           -6.24730E-02  1.32442E+00  3.0
     56 13 12  111   8 3s10p           -5.00438E-02  1.33685E+00  3.0
     57 13 12  111   9 3s11p           -4.11201E-02  1.34577E+00  3.0
     58 13 12  120   1 3p2:            -6.08438E-01  7.78452E-01  5.0
     59 13 12  120   2 3s 3d:          -3.75710E-01  1.01118E+00  5.0
     60 13 12  120   3 3s 4d           -2.42391E-01  1.14450E+00  5.0
     61 13 12  120   4 3s 5d           -1.62517E-01  1.22437E+00  5.0
     62 13 12  120   5 3s 6d           -1.14145E-01  1.27275E+00  5.0
     63 13 12  120   6 3s 7d           -8.41374E-02  1.30275E+00  5.0
     64 13 12  120   7 3s 8d           -6.44356E-02  1.32245E+00  5.0
     65 13 12  120   8 3s 9d           -5.08659E-02  1.33602E+00  5.0
     66 13 12  120   9 3s10d           -4.11460E-02  1.34574E+00  5.0
     67 13 12  121   1 3p 3d           -8.24711E-02  1.30442E+00  5.0
     68 13 12  121   2 3p 4d            2.02427E-01  1.58932E+00  5.0
     69 13 12  121   3 3p 5d            3.11082E-01  1.69797E+00  5.0
     70 13 12  121   4 3p 6d            3.68853E-01  1.75574E+00  5.0
     71 13 12  121   5 3p 7d            4.02422E-01  1.78931E+00  5.0
     72 13 12  121   6 3p 8d            4.23784E-01  1.81067E+00  5.0
     73 13 12  121   7 3p 9d            4.38225E-01  1.82512E+00  5.0
     74 13 12  121   8 3p10d            4.48442E-01  1.83533E+00  5.0
     75 13 12  130   1 3p 4f            2.30118E-01  1.61701E+00  7.0
     76 13 12  130   2 3p 5f            3.24176E-01  1.71107E+00  7.0
     77 13 12  130   3 3p 6f            3.75928E-01  1.76282E+00  7.0
     78 13 12  130   4 3p 7f            4.06710E-01  1.79360E+00  7.0
     79 13 12  130   5 3p 8f            4.26587E-01  1.81348E+00  7.0
     80 13 12  130   6 3p 9f            4.40160E-01  1.82705E+00  7.0
     81 13 12  130   7 3p10f            4.49835E-01  1.83672E+00  7.0
     82 13 12  131   1 3s 4f           -2.58870E-01  1.12802E+00  7.0
     83 13 12  131   2 3s 5f           -1.65873E-01  1.22102E+00  7.0
     84 13 12  131   3 3s 6f           -1.14981E-01  1.27191E+00  7.0
     85 13 12  131   4 3s 7f           -8.43748E-02  1.30252E+00  7.0
     86 13 12  131   5 3s 8f           -6.45043E-02  1.32239E+00  7.0
     87 13 12  131   6 3s 9f           -5.08847E-02  1.33601E+00  7.0
     88 13 12  131   7 3s10f           -4.11504E-02  1.34574E+00  7.0
     89 13 12  140   1 3s 5g           -1.60677E-01  1.22621E+00  9.0
     90 13 12  140   2 3s 6g           -1.11566E-01  1.27532E+00  9.0
     91 13 12  140   3 3s 7g           -8.19544E-02  1.30494E+00  9.0
     92 13 12  140   4 3s 8g           -6.27310E-02  1.32416E+00  9.0
     93 13 12  140   5 3s 9g           -4.95525E-02  1.33734E+00  9.0
     94 13 12  140   6 3s10g           -4.01278E-02  1.34676E+00  9.0
     95 13 12  141   1 3p 5g            3.28058E-01  1.71495E+00  9.0
     96 13 12  141   2 3p 6g            3.78121E-01  1.76501E+00  9.0
     97 13 12  141   3 3p 7g            4.08089E-01  1.79498E+00  9.0
     98 13 12  141   4 3p 8g            4.27515E-01  1.81441E+00  9.0
     99 13 12  141   5 3p 9g            4.40812E-01  1.82770E+00  9.0
    100 13 12  141   6 3p10g            4.50310E-01  1.83720E+00  9.0
    101 13 12  300   1 3s 4s           -5.51663E-01  8.35227E-01  3.0
    102 13 12  300   2 3s 5s           -2.88419E-01  1.09847E+00  3.0
    103 13 12  300   3 3s 6s           -1.78191E-01  1.20870E+00  3.0
    104 13 12  300   4 3s 7s           -1.21196E-01  1.26569E+00  3.0
    105 13 12  300   5 3s 8s           -8.78444E-02  1.29905E+00  3.0
    106 13 12  300   6 3s 9s           -6.66047E-02  1.32029E+00  3.0
    107 13 12  300   7 3s10s           -5.22381E-02  1.33465E+00  3.0
    108 13 12  300   8 3s11s           -4.20668E-02  1.34482E+00  3.0
    109 13 12  310   1 3p2             -5.19648E-01  8.67242E-01  9.0
    110 13 12  310   2 3p 4p            8.05690E-02  1.46746E+00  9.0
    111 13 12  310   3 3p 5p            2.54648E-01  1.64154E+00  9.0
    112 13 12  310   4 3p 6p            3.38433E-01  1.72532E+00  9.0
    113 13 12  310   5 3p 7p            3.84245E-01  1.77114E+00  9.0
    114 13 12  310   6 3p 8p            4.12044E-01  1.79893E+00  9.0
    115 13 12  310   7 3p 9p            4.30194E-01  1.81708E+00  9.0
    116 13 12  310   8 3p10p            4.42705E-01  1.82960E+00  9.0
    117 13 12  311   1 3s 3p           -1.04647E+00  3.40420E-01  9.0
    118 13 12  311   2 3s 4p           -4.21441E-01  9.65449E-01  9.0
    119 13 12  311   3 3s 5p           -2.37944E-01  1.14895E+00  9.0
    120 13 12  311   4 3s 6p           -1.53025E-01  1.23387E+00  9.0
    121 13 12  311   5 3s 7p           -1.06869E-01  1.28002E+00  9.0
    122 13 12  311   6 3s 8p           -7.89524E-02  1.30794E+00  9.0
    123 13 12  311   7 3s 9p           -6.08394E-02  1.32605E+00  9.0
    124 13 12  311   8 3p 4s:          -5.06015E-02  1.33629E+00  9.0
    125 13 12  311   9 3s10p           -4.73389E-02  1.33955E+00  9.0
    126 13 12  320   1 3s 3d           -5.13730E-01  8.73160E-01 15.0
    127 13 12  320   2 3s 4d           -2.75573E-01  1.11132E+00 15.0
    128 13 12  320   3 3s 5d           -1.73607E-01  1.21328E+00 15.0
    129 13 12  320   4 3s 6d           -1.18813E-01  1.26808E+00 15.0
    130 13 12  320   5 3s 7d           -8.64837E-02  1.30041E+00 15.0
    131 13 12  320   6 3s 8d           -6.57598E-02  1.32113E+00 15.0
    132 13 12  320   7 3s 9d           -5.16793E-02  1.33521E+00 15.0
    133 13 12  320   8 3s10d           -4.16789E-02  1.34521E+00 15.0
    134 13 12  321   1 3p 3d           -7.10471E-03  1.37979E+00 15.0
    135 13 12  321   2 3p 4d            2.16412E-01  1.60330E+00 15.0
    136 13 12  321   3 3p 5d            3.16002E-01  1.70289E+00 15.0
    137 13 12  321   4 3p 6d            3.71016E-01  1.75791E+00 15.0
    138 13 12  321   5 3p 7d            4.03548E-01  1.79044E+00 15.0
    139 13 12  321   6 3p 8d            4.24436E-01  1.81133E+00 15.0
    140 13 12  321   7 3p 9d            4.38633E-01  1.82552E+00 15.0
    141 13 12  321   8 3p10d            4.48714E-01  1.83560E+00 15.0
    142 13 12  330   1 3p 4f            2.29071E-01  1.61596E+00 21.0
    143 13 12  330   2 3p 5f            3.22656E-01  1.70955E+00 21.0
    144 13 12  330   3 3p 6f            3.74354E-01  1.76124E+00 21.0
    145 13 12  330   4 3p 7f            4.05185E-01  1.79208E+00 21.0
    146 13 12  330   5 3p 8f            4.25138E-01  1.81203E+00 21.0
    147 13 12  330   6 3p 9f            4.38784E-01  1.82567E+00 21.0
    148 13 12  330   7 3p10f            4.48527E-01  1.83542E+00 21.0
    149 13 12  331   1 3s 4f           -2.59477E-01  1.12741E+00 21.0
    150 13 12  331   2 3s 5f           -1.68350E-01  1.21854E+00 21.0
    151 13 12  331   3 3s 6f:          -1.21858E-01  1.26503E+00 21.0
    152 13 12  331   4 3p 3d:          -9.79289E-02  1.28896E+00 21.0
    153 13 12  331   5 3s 7f           -7.80183E-02  1.30887E+00 21.0
    154 13 12  331   6 3s 8f           -6.11836E-02  1.32571E+00 21.0
    155 13 12  331   7 3s 9f           -4.87716E-02  1.33812E+00 21.0
    156 13 12  340   1 3s 5g           -1.60679E-01  1.22621E+00 27.0
    157 13 12  340   2 3s 6g           -1.11568E-01  1.27532E+00 27.0
    158 13 12  340   3 3s 7g           -8.19558E-02  1.30493E+00 27.0
    159 13 12  340   4 3s 8g           -6.27320E-02  1.32416E+00 27.0
    160 13 12  340   5 3s 9g           -4.95532E-02  1.33734E+00 27.0
    161 13 12  340   6 3s10g           -4.01284E-02  1.34676E+00 27.0
    162 13 12  341   1 3p 5g            3.28061E-01  1.71495E+00 27.0
    163 13 12  341   2 3p 6g            3.78123E-01  1.76501E+00 27.0
    164 13 12  341   3 3p 7g            4.08090E-01  1.79498E+00 27.0
    165 13 12  341   4 3p 8g            4.27516E-01  1.81441E+00 27.0
    166 13 12  341   5 3p 9g            4.40813E-01  1.82770E+00 27.0
    167 13 12  341   6 3p10g            4.50310E-01  1.83720E+00 27.0
    168 13 13  200   1 3s2 4s          -2.07628E-01  2.27742E-01  2.0
    169 13 13  200   2 3s2 5s          -9.59113E-02  3.39459E-01  2.0
    170 13 13  200   3 3s2 6s          -5.55938E-02  3.79776E-01  2.0
    171 13 13  200   4 3s2 7s          -3.63354E-02  3.99035E-01  2.0
    172 13 13  200   5 3s2 8s          -2.56107E-02  4.09759E-01  2.0
    173 13 13  200   6 3s2 9s          -1.90236E-02  4.16346E-01  2.0
    174 13 13  200   7 3s210s          -1.46878E-02  4.20682E-01  2.0
    175 13 13  200   8 3s211s          -1.16824E-02  4.23688E-01  2.0
    176 13 13  201   1 3p2(3PE) 4p      6.89668E-01  1.12504E+00  2.0
    177 13 13  201   2 3p2(3PE) 5p      7.85837E-01  1.22121E+00  2.0
    178 13 13  201   3 3p2(3PE) 6p      8.18229E-01  1.25360E+00  2.0
    179 13 13  201   4 3p2(3PE) 7p      8.34081E-01  1.26945E+00  2.0
    180 13 13  201   5 3p2(3PE) 8p      8.43168E-01  1.27854E+00  2.0
    181 13 13  201   6 3p2(3PE) 9p      8.48875E-01  1.28425E+00  2.0
    182 13 13  201   7 3p2(3PE)10p      8.52697E-01  1.28807E+00  2.0
    183 13 13  201   8 3p2(3PE)11p      8.55383E-01  1.29075E+00  2.0
    184 13 13  210   1 3s 3p2           7.81102E-02  5.13480E-01  6.0
    185 13 13  210   2 3s3p(3PO) 4p     2.02331E-01  6.37701E-01  6.0
    186 13 13  210   3 3s3p(3PO) 5p     2.68104E-01  7.03474E-01  6.0
    187 13 13  210   4 3s3p(3PO) 6p     2.96384E-01  7.31754E-01  6.0
    188 13 13  210   5 3s3p(3PO) 7p     3.10984E-01  7.46354E-01  6.0
    189 13 13  210   6 3s3p(3PO) 8p     3.19530E-01  7.54900E-01  6.0
    190 13 13  210   7 3s3p(3PO) 9p     3.24962E-01  7.60332E-01  6.0
    191 13 13  210   8 3s3p(3PO)10p     3.28630E-01  7.64000E-01  6.0
    192 13 13  210   9 3s3p(3PO)11p     3.31222E-01  7.66592E-01  6.0
    193 13 13  211   1 3s2 3p          -4.35370E-01  0.00000E+00  6.0
    194 13 13  211   2 3s2 4p          -1.39207E-01  2.96163E-01  6.0
    195 13 13  211   3 3s2 5p          -7.26715E-02  3.62698E-01  6.0
    196 13 13  211   4 3s2 6p          -4.48685E-02  3.90501E-01  6.0
    197 13 13  211   5 3s2 7p          -3.04971E-02  4.04873E-01  6.0
    198 13 13  211   6 3s2 8p          -2.20843E-02  4.13286E-01  6.0
    199 13 13  211   7 3s2 9p          -1.67319E-02  4.18638E-01  6.0
    200 13 13  211   8 3s210p          -1.31152E-02  4.22255E-01  6.0
    201 13 13  211   9 3s211p          -1.05567E-02  4.24813E-01  6.0
    202 13 13  220   1 3s2 3d          -1.42576E-01  2.92794E-01 10.0
    203 13 13  220   2 3s2 4d          -8.62839E-02  3.49086E-01 10.0
    204 13 13  220   3 3s2 5d          -5.51532E-02  3.80217E-01 10.0
    205 13 13  220   4 3s2 6d          -3.73454E-02  3.98025E-01 10.0
    206 13 13  220   5 3s2 7d          -2.66082E-02  4.08762E-01 10.0
    207 13 13  220   6 3s2 8d          -1.98077E-02  4.15562E-01 10.0
    208 13 13  220   7 3s2 9d          -1.52803E-02  4.20090E-01 10.0
    209 13 13  220   8 3s210d          -1.21306E-02  4.23239E-01 10.0
    210 13 13  221   1 3s3p(3PO) 3d     1.70277E-01  6.05647E-01 10.0
    211 13 13  221   2 3s3p(3PO) 4d     2.56949E-01  6.92319E-01 10.0
    212 13 13  221   3 3s3p(3PO) 5d     2.90662E-01  7.26032E-01 10.0
    213 13 13  221   4 3s3p(3PO) 6d     3.07582E-01  7.42952E-01 10.0
    214 13 13  221   5 3s3p(3PO) 7d     3.17354E-01  7.52724E-01 10.0
    215 13 13  221   6 3s3p(3PO) 8d     3.23492E-01  7.58862E-01 10.0
    216 13 13  221   7 3s3p(3PO) 9d     3.27592E-01  7.62962E-01 10.0
    217 13 13  221   8 3s3p(3PO)10d     3.30463E-01  7.65833E-01 10.0
    218 13 13  230   1 3s3p(3PO) 4f     2.76687E-01  7.12057E-01 14.0
    219 13 13  230   2 3s3p(3PO) 5f     3.00543E-01  7.35913E-01 14.0
    220 13 13  230   3 3s3p(3PO) 6f     3.13294E-01  7.48664E-01 14.0
    221 13 13  230   4 3s3p(3PO) 7f     3.20948E-01  7.56318E-01 14.0
    222 13 13  230   5 3s3p(3PO) 8f     3.25897E-01  7.61267E-01 14.0
    223 13 13  230   6 3s3p(3PO) 9f     3.29279E-01  7.64649E-01 14.0
    224 13 13  230   7 3s3p(3PO)10f     3.31691E-01  7.67061E-01 14.0
    225 13 13  231   1 3s2 4f          -6.33869E-02  3.71983E-01 14.0
    226 13 13  231   2 3s2 5f          -4.04977E-02  3.94872E-01 14.0
    227 13 13  231   3 3s2 6f          -2.80864E-02  4.07284E-01 14.0
    228 13 13  231   4 3s2 7f          -2.06106E-02  4.14759E-01 14.0
    229 13 13  231   5 3s2 8f          -1.57640E-02  4.19606E-01 14.0
    230 13 13  231   6 3s2 9f          -1.24449E-02  4.22925E-01 14.0
    231 13 13  231   7 3s210f          -1.00732E-02  4.25297E-01 14.0
    232 13 13  240   1 3s2 5g          -4.00981E-02  3.95272E-01 18.0
    233 13 13  240   2 3s2 6g          -2.78476E-02  4.07522E-01 18.0
    234 13 13  240   3 3s2 7g          -2.04555E-02  4.14914E-01 18.0
    235 13 13  240   4 3s2 8g          -1.56580E-02  4.19712E-01 18.0
    236 13 13  240   5 3s2 9g          -1.23695E-02  4.23000E-01 18.0
    237 13 13  240   6 3s210g          -1.00176E-02  4.25352E-01 18.0
    238 13 13  241   1 3s3p(3PO) 5g     3.01453E-01  7.36823E-01 18.0
    239 13 13  241   2 3s3p(3PO) 6g     3.13830E-01  7.49200E-01 18.0
    240 13 13  241   3 3s3p(3PO) 7g     3.21295E-01  7.56665E-01 18.0
    241 13 13  241   4 3s3p(3PO) 8g     3.26133E-01  7.61503E-01 18.0
    242 13 13  241   5 3s3p(3PO) 9g     3.29445E-01  7.64815E-01 18.0
    243 13 13  241   6 3s3p(3PO)10g     3.31813E-01  7.67183E-01 18.0
    244 13 13  251   1 3s2 6h          -2.77822E-02  4.07588E-01 22.0
    245 13 13  251   2 3s2 7h          -2.04128E-02  4.14957E-01 22.0
    246 13 13  251   3 3s2 8h          -1.56288E-02  4.19741E-01 22.0
    247 13 13  251   4 3s2 9h          -1.23487E-02  4.23021E-01 22.0
    248 13 13  251   5 3s210h          -1.00024E-02  4.25368E-01 22.0
    249 13 13  400   1 3s3p(3PO) 4p     1.93929E-01  6.29299E-01  4.0
    250 13 13  400   2 3s3p(3PO) 5p     2.68687E-01  7.04057E-01  4.0
    251 13 13  400   3 3s3p(3PO) 6p     2.96791E-01  7.32161E-01  4.0
    252 13 13  400   4 3s3p(3PO) 7p     3.11288E-01  7.46658E-01  4.0
    253 13 13  400   5 3s3p(3PO) 8p     3.19747E-01  7.55117E-01  4.0
    254 13 13  400   6 3s3p(3PO) 9p     3.25118E-01  7.60488E-01  4.0
    255 13 13  400   7 3s3p(3PO)10p     3.28744E-01  7.64114E-01  4.0
    256 13 13  400   8 3s3p(3PO)11p     3.31307E-01  7.66677E-01  4.0
    257 13 13  401   1 3p3              3.49848E-01  7.85218E-01  4.0
    258 13 13  401   2 3p2(3PE) 4p      7.20459E-01  1.15583E+00  4.0
    259 13 13  401   3 3p2(3PE) 5p      7.93771E-01  1.22914E+00  4.0
    260 13 13  401   4 3p2(3PE) 6p      8.21837E-01  1.25721E+00  4.0
    261 13 13  401   5 3p2(3PE) 7p      8.36078E-01  1.27145E+00  4.0
    262 13 13  401   6 3p2(3PE) 8p      8.44390E-01  1.27976E+00  4.0
    263 13 13  401   7 3p2(3PE) 9p      8.49677E-01  1.28505E+00  4.0
    264 13 13  401   8 3p2(3PE)10p      8.53252E-01  1.28862E+00  4.0
    265 13 13  401   9 3p2(3PE)11p      8.55782E-01  1.29115E+00  4.0
    266 13 13  410   1 3s 3p2          -1.83179E-01  2.52191E-01 12.0
    267 13 13  410   2 3s3p(3PO) 4p     1.91175E-01  6.26545E-01 12.0
    268 13 13  410   3 3s3p(3PO) 5p     2.67641E-01  7.03011E-01 12.0
    269 13 13  410   4 3s3p(3PO) 6p     2.96561E-01  7.31931E-01 12.0
    270 13 13  410   5 3s3p(3PO) 7p     3.11185E-01  7.46555E-01 12.0
    271 13 13  410   6 3s3p(3PO) 8p     3.19688E-01  7.55058E-01 12.0
    272 13 13  410   7 3s3p(3PO) 9p     3.25081E-01  7.60451E-01 12.0
    273 13 13  410   8 3s3p(3PO)10p     3.28719E-01  7.64089E-01 12.0
    274 13 13  410   9 3s3p(3PO)11p     3.31290E-01  7.66660E-01 12.0
    275 13 13  411   1 3s3p(3PO) 4s     1.12665E-01  5.48035E-01 12.0
    276 13 13  411   2 3s3p(3PO) 3d     2.17059E-01  6.52429E-01 12.0
    277 13 13  411   3 3s3p(3PO) 5s     2.42970E-01  6.78340E-01 12.0
    278 13 13  411   4 3s3p(3PO) 4d     2.72784E-01  7.08154E-01 12.0
    279 13 13  411   5 3s3p(3PO) 6s     2.85141E-01  7.20511E-01 12.0
    280 13 13  411   6 3s3p(3PO) 5d     2.98293E-01  7.33663E-01 12.0
    281 13 13  411   7 3s3p(3PO) 7s     3.04962E-01  7.40332E-01 12.0
    282 13 13  411   8 3s3p(3PO) 6d     3.12013E-01  7.47383E-01 12.0
    283 13 13  411   9 3s3p(3PO) 8s     3.15929E-01  7.51299E-01 12.0
    284 13 13  411  10 3s3p(3PO) 7d     3.20154E-01  7.55524E-01 12.0
    285 13 13  411  11 3s3p(3PO) 9s     3.22639E-01  7.58009E-01 12.0
    286 13 13  411  12 3s3p(3PO) 8d     3.25371E-01  7.60741E-01 12.0
    287 13 13  411  13 3s3p(3PO)10s     3.27043E-01  7.62413E-01 12.0
    288 13 13  411  14 3s3p(3PO) 9d     3.28912E-01  7.64282E-01 12.0
    289 13 13  411  15 3s3p(3PO)11s     3.30090E-01  7.65460E-01 12.0
    290 13 13  411  16 3s3p(3PO)10d     3.31424E-01  7.66794E-01 12.0
    291 13 13  420   1 3s3p(3PO) 4p     1.79575E-01  6.14945E-01 20.0
    292 13 13  420   2 3s3p(3PO) 5p     2.64651E-01  7.00021E-01 20.0
    293 13 13  420   3 3s3p(3PO) 4f     2.79870E-01  7.15240E-01 20.0
    294 13 13  420   4 3s3p(3PO) 6p     2.95053E-01  7.30423E-01 20.0
    295 13 13  420   5 3s3p(3PO) 5f     3.02032E-01  7.37402E-01 20.0
    296 13 13  420   6 3s3p(3PO) 7p     3.10340E-01  7.45710E-01 20.0
    297 13 13  420   7 3s3p(3PO) 6f     3.14175E-01  7.49545E-01 20.0
    298 13 13  420   8 3s3p(3PO) 8p     3.19169E-01  7.54539E-01 20.0
    299 13 13  420   9 3s3p(3PO) 7f     3.21510E-01  7.56880E-01 20.0
    300 13 13  420  10 3s3p(3PO) 9p     3.24739E-01  7.60109E-01 20.0
    301 13 13  420  11 3s3p(3PO) 8f     3.26276E-01  7.61646E-01 20.0
    302 13 13  420  12 3s3p(3PO)10p     3.28482E-01  7.63852E-01 20.0
    303 13 13  420  13 3s3p(3PO) 9f     3.29545E-01  7.64915E-01 20.0
    304 13 13  420  14 3s3p(3PO)11p     3.31119E-01  7.66489E-01 20.0
    305 13 13  421   1 3s3p(3PO) 3d     2.07696E-01  6.43066E-01 20.0
    306 13 13  421   2 3s3p(3PO) 4d     2.70629E-01  7.05999E-01 20.0
    307 13 13  421   3 3s3p(3PO) 5d     2.97626E-01  7.32996E-01 20.0
    308 13 13  421   4 3s3p(3PO) 6d     3.11685E-01  7.47055E-01 20.0
    309 13 13  421   5 3s3p(3PO) 7d     3.19964E-01  7.55334E-01 20.0
    310 13 13  421   6 3s3p(3PO) 8d     3.25250E-01  7.60620E-01 20.0
    311 13 13  421   7 3s3p(3PO) 9d     3.28830E-01  7.64200E-01 20.0
    312 13 13  421   8 3s3p(3PO)10d     3.31366E-01  7.66736E-01 20.0
    313 13 13  430   1 3s3p(3PO) 4f     2.76734E-01  7.12104E-01 28.0
    314 13 13  430   2 3s3p(3PO) 5f     3.00578E-01  7.35948E-01 28.0
    315 13 13  430   3 3s3p(3PO) 6f     3.13317E-01  7.48687E-01 28.0
    316 13 13  430   4 3s3p(3PO) 7f     3.20964E-01  7.56334E-01 28.0
    317 13 13  430   5 3s3p(3PO) 8f     3.25908E-01  7.61278E-01 28.0
    318 13 13  430   6 3s3p(3PO) 9f     3.29287E-01  7.64657E-01 28.0
    319 13 13  430   7 3s3p(3PO)10f     3.31697E-01  7.67067E-01 28.0
    320 13 13  431   1 3s3p(3PO) 3d     1.80643E-01  6.16013E-01 28.0
    321 13 13  431   2 3s3p(3PO) 4d     2.63220E-01  6.98590E-01 28.0
    322 13 13  431   3 3s3p(3PO) 5d     2.94199E-01  7.29569E-01 28.0
    323 13 13  431   4 3s3p(3PO) 5g     3.02006E-01  7.37376E-01 28.0
    324 13 13  431   5 3s3p(3PO) 6d     3.09825E-01  7.45195E-01 28.0
    325 13 13  431   6 3s3p(3PO) 6g     3.14168E-01  7.49538E-01 28.0
    326 13 13  431   7 3s3p(3PO) 7d     3.18839E-01  7.54209E-01 28.0
    327 13 13  431   8 3s3p(3PO) 7g     3.21507E-01  7.56877E-01 28.0
    328 13 13  431   9 3s3p(3PO) 8d     3.24518E-01  7.59888E-01 28.0
    329 13 13  431  10 3s3p(3PO) 8g     3.26275E-01  7.61645E-01 28.0
    330 13 13  431  11 3s3p(3PO) 9d     3.28326E-01  7.63696E-01 28.0
    331 13 13  431  12 3s3p(3PO) 9g     3.29545E-01  7.64915E-01 28.0
    332 13 13  431  13 3s3p(3PO)10d     3.31005E-01  7.66375E-01 28.0
    333 13 13  440   1 3s3p(3PO) 4f     2.78882E-01  7.14252E-01 36.0
    334 13 13  440   2 3s3p(3PO) 5f     3.01532E-01  7.36902E-01 36.0
    335 13 13  440   3 3s3p(3PO) 6f     3.13873E-01  7.49243E-01 36.0
    336 13 13  440   4 3s3p(3PO) 6h     3.14118E-01  7.49488E-01 36.0
    337 13 13  440   5 3s3p(3PO) 7f     3.21315E-01  7.56685E-01 36.0
    338 13 13  440   6 3s3p(3PO) 7h     3.21486E-01  7.56856E-01 36.0
    339 13 13  440   7 3s3p(3PO) 8f     3.26144E-01  7.61514E-01 36.0
    340 13 13  440   8 3s3p(3PO) 8h     3.26264E-01  7.61634E-01 36.0
    341 13 13  440   9 3s3p(3PO) 9f     3.29452E-01  7.64822E-01 36.0
    342 13 13  440  10 3s3p(3PO) 9h     3.29539E-01  7.64909E-01 36.0
    343 13 13  440  11 3s3p(3PO)10f     3.31816E-01  7.67186E-01 36.0
    344 13 13  441   1 3s3p(3PO) 5g     3.01453E-01  7.36823E-01 36.0
    345 13 13  441   2 3s3p(3PO) 6g     3.13830E-01  7.49200E-01 36.0
    346 13 13  441   3 3s3p(3PO) 7g     3.21294E-01  7.56664E-01 36.0
    347 13 13  441   4 3s3p(3PO) 8g     3.26132E-01  7.61502E-01 36.0
    348 13 13  441   5 3s3p(3PO) 9g     3.29445E-01  7.64815E-01 36.0
    349 13 13  441   6 3s3p(3PO)10g     3.31813E-01  7.67183E-01 36.0
    350 13 13  451   1 3s3p(3PO) 5g     3.01884E-01  7.37254E-01 44.0
    351 13 13  451   2 3s3p(3PO) 6g     3.14093E-01  7.49463E-01 44.0
    352 13 13  451   3 3s3p(3PO) 7g     3.21459E-01  7.56829E-01 44.0
    353 13 13  451   4 3s3p(3PO) 8g     3.26243E-01  7.61613E-01 44.0
    354 13 13  451   5 3s3p(3PO) 9g     3.29523E-01  7.64893E-01 44.0
    355 13 13  451   6 3s3p(3PO)10g     3.31869E-01  7.67239E-01 44.0
 ====================================================================
