 ====================================================================
      i NZ NE iSLP iLV iCONF                 E(RYD)      TE(RYD)   gi
 ====================================================================
      1  6  4  100   1 2s2             -3.51171E+00  0.00000E+00  1.0
      2  6  4  100   2 2p2             -1.80550E+00  1.70621E+00  1.0
      3  6  4  100   3 2s 3s           -1.26280E+00  2.24891E+00  1.0
      4  6  4  100   4 2s 4s           -6.78189E-01  2.83352E+00  1.0
      5  6  4  100   5 2s 5s           -4.30367E-01  3.08134E+00  1.0
      6  6  4  100   6 2p 3p           -3.61383E-01  3.15033E+00  1.0
      7  6  4  100   7 2s 6s           -2.76984E-01  3.23473E+00  1.0
      8  6  4  100   8 2s 7s           -2.02130E-01  3.30958E+00  1.0
      9  6  4  100   9 2s 8s           -1.53289E-01  3.35842E+00  1.0
     10  6  4  100  10 2s 9s           -1.20118E-01  3.39159E+00  1.0
     11  6  4  100  11 2s10s           -9.66228E-02  3.41509E+00  1.0
     12  6  4  110   1 2p 3p           -5.99342E-01  2.91237E+00  3.0
     13  6  4  110   2 2p 4p           -4.11765E-02  3.47053E+00  3.0
     14  6  4  110   3 2p 5p            1.98284E-01  3.70999E+00  3.0
     15  6  4  110   4 2p 6p            3.23314E-01  3.83502E+00  3.0
     16  6  4  110   5 2p 7p            3.97011E-01  3.90872E+00  3.0
     17  6  4  110   6 2p 8p            4.44102E-01  3.95581E+00  3.0
     18  6  4  110   7 2p 9p            4.76020E-01  3.98773E+00  3.0
     19  6  4  110   8 2p10p            4.98651E-01  4.01036E+00  3.0
     20  6  4  111   1 2s 2p           -2.56260E+00  9.49110E-01  3.0
     21  6  4  111   2 2s 3p           -1.15655E+00  2.35516E+00  3.0
     22  6  4  111   3 2s 4p:          -6.90087E-01  2.82162E+00  3.0
     23  6  4  111   4 2p 3s:          -5.76174E-01  2.93554E+00  3.0
     24  6  4  111   5 2s 5p           -3.88700E-01  3.12301E+00  3.0
     25  6  4  111   6 2p 3d           -3.51325E-01  3.16038E+00  3.0
     26  6  4  111   7 2s 6p           -2.64911E-01  3.24680E+00  3.0
     27  6  4  111   8 2s 7p           -1.94177E-01  3.31753E+00  3.0
     28  6  4  111   9 2s 8p           -1.48372E-01  3.36334E+00  3.0
     29  6  4  111  10 2s 9p           -1.17248E-01  3.39446E+00  3.0
     30  6  4  111  11 2s10p           -9.53488E-02  3.41636E+00  3.0
     31  6  4  120   1 2p2             -2.16932E+00  1.34239E+00  5.0
     32  6  4  120   2 2s 3d           -9.96289E-01  2.51542E+00  5.0
     33  6  4  120   3 2s 4d           -5.63728E-01  2.94798E+00  5.0
     34  6  4  120   4 2p 3p           -4.74790E-01  3.03692E+00  5.0
     35  6  4  120   5 2s 5d           -3.59462E-01  3.15225E+00  5.0
     36  6  4  120   6 2s 6d           -2.50037E-01  3.26167E+00  5.0
     37  6  4  120   7 2s 7d           -1.83800E-01  3.32791E+00  5.0
     38  6  4  120   8 2s 8d           -1.40757E-01  3.37095E+00  5.0
     39  6  4  120   9 2s 9d           -1.11229E-01  3.40048E+00  5.0
     40  6  4  120  10 2s10d           -9.01018E-02  3.42161E+00  5.0
     41  6  4  121   1 2p 3d           -4.82197E-01  3.02951E+00  5.0
     42  6  4  121   2 2p 4d            1.17679E-03  3.51289E+00  5.0
     43  6  4  121   3 2p 5d            2.18622E-01  3.73033E+00  5.0
     44  6  4  121   4 2p 6d            3.34667E-01  3.84638E+00  5.0
     45  6  4  121   5 2p 7d            4.04000E-01  3.91571E+00  5.0
     46  6  4  121   6 2p 8d            4.48714E-01  3.96042E+00  5.0
     47  6  4  121   7 2p 9d            4.79223E-01  3.99093E+00  5.0
     48  6  4  121   8 2p10d            5.00966E-01  4.01268E+00  5.0
     49  6  4  130   1 2p 4f            2.20131E-02  3.53372E+00  7.0
     50  6  4  130   2 2p 5f            2.28715E-01  3.74042E+00  7.0
     51  6  4  130   3 2p 6f            3.40332E-01  3.85204E+00  7.0
     52  6  4  130   4 2p 7f            4.07510E-01  3.91922E+00  7.0
     53  6  4  130   5 2p 8f            4.51039E-01  3.96275E+00  7.0
     54  6  4  130   6 2p 9f            4.80843E-01  3.99255E+00  7.0
     55  6  4  130   7 2p10f            5.02140E-01  4.01385E+00  7.0
     56  6  4  131   1 2s 4f           -5.78764E-01  2.93295E+00  7.0
     57  6  4  131   2 2p 3d:          -4.05306E-01  3.10640E+00  7.0
     58  6  4  131   3 2s 5f:          -3.38045E-01  3.17367E+00  7.0
     59  6  4  131   4 2s 6f           -2.46668E-01  3.26504E+00  7.0
     60  6  4  131   5 2s 7f           -1.82856E-01  3.32885E+00  7.0
     61  6  4  131   6 2s 8f           -1.40497E-01  3.37121E+00  7.0
     62  6  4  131   7 2s 9f           -1.11220E-01  3.40049E+00  7.0
     63  6  4  131   8 2s10f           -9.01920E-02  3.42152E+00  7.0
     64  6  4  140   1 2s 5g           -3.61290E-01  3.15042E+00  9.0
     65  6  4  140   2 2s 6g           -2.50990E-01  3.26072E+00  9.0
     66  6  4  140   3 2s 7g           -1.84424E-01  3.32729E+00  9.0
     67  6  4  140   4 2s 8g           -1.41209E-01  3.37050E+00  9.0
     68  6  4  140   5 2s 9g           -1.11575E-01  3.40014E+00  9.0
     69  6  4  140   6 2s10g           -9.03761E-02  3.42133E+00  9.0
     70  6  4  300   1 2s 3s           -1.34713E+00  2.16458E+00  3.0
     71  6  4  300   2 2s 4s           -6.98813E-01  2.81290E+00  3.0
     72  6  4  300   3 2p 3p           -5.29999E-01  2.98171E+00  3.0
     73  6  4  300   4 2s 5s           -4.21283E-01  3.09043E+00  3.0
     74  6  4  300   5 2s 6s           -2.85686E-01  3.22602E+00  3.0
     75  6  4  300   6 2s 7s           -2.05974E-01  3.30574E+00  3.0
     76  6  4  300   7 2s 8s           -1.55485E-01  3.35623E+00  3.0
     77  6  4  300   8 2s 9s           -1.21522E-01  3.39019E+00  3.0
     78  6  4  300   9 2s10s           -9.75890E-02  3.41412E+00  3.0
     79  6  4  310   1 2p2             -2.24538E+00  1.26633E+00  9.0
     80  6  4  310   2 2p 3p           -5.04794E-01  3.00692E+00  9.0
     81  6  4  310   3 2p 4p           -1.01557E-02  3.50155E+00  9.0
     82  6  4  310   4 2p 5p            2.12426E-01  3.72414E+00  9.0
     83  6  4  310   5 2p 6p            3.30982E-01  3.84269E+00  9.0
     84  6  4  310   6 2p 7p            4.01643E-01  3.91335E+00  9.0
     85  6  4  310   7 2p 8p            4.47119E-01  3.95883E+00  9.0
     86  6  4  310   8 2p 9p            4.78097E-01  3.98981E+00  9.0
     87  6  4  310   9 2p10p            5.00143E-01  4.01185E+00  9.0
     88  6  4  311   1 2s 2p           -3.03283E+00  4.78880E-01  9.0
     89  6  4  311   2 2s 3p           -1.15013E+00  2.36158E+00  9.0
     90  6  4  311   3 2p 3s           -7.04145E-01  2.80756E+00  9.0
     91  6  4  311   4 2s 4p           -6.22372E-01  2.88934E+00  9.0
     92  6  4  311   5 2p 3d           -4.13555E-01  3.09816E+00  9.0
     93  6  4  311   6 2s 5p           -3.80380E-01  3.13133E+00  9.0
     94  6  4  311   7 2s 6p           -2.65544E-01  3.24617E+00  9.0
     95  6  4  311   8 2s 7p           -1.93593E-01  3.31812E+00  9.0
     96  6  4  311   9 2s 8p           -1.47304E-01  3.36441E+00  9.0
     97  6  4  311  10 2s 9p           -1.15830E-01  3.39588E+00  9.0
     98  6  4  311  11 2s10p           -9.35104E-02  3.41820E+00  9.0
     99  6  4  320   1 2s 3d           -1.05824E+00  2.45347E+00 15.0
    100  6  4  320   2 2s 4d           -5.88515E-01  2.92319E+00 15.0
    101  6  4  320   3 2p 3p           -5.69686E-01  2.94202E+00 15.0
    102  6  4  320   4 2s 5d           -3.70982E-01  3.14073E+00 15.0
    103  6  4  320   5 2s 6d           -2.56299E-01  3.25541E+00 15.0
    104  6  4  320   6 2s 7d           -1.87618E-01  3.32409E+00 15.0
    105  6  4  320   7 2s 8d           -1.43258E-01  3.36845E+00 15.0
    106  6  4  320   8 2s 9d           -1.12956E-01  3.39875E+00 15.0
    107  6  4  320   9 2s10d           -9.13434E-02  3.42037E+00 15.0
    108  6  4  321   1 2p 3d           -4.36097E-01  3.07561E+00 15.0
    109  6  4  321   2 2p 4d            1.85223E-02  3.53023E+00 15.0
    110  6  4  321   3 2p 5d            2.26958E-01  3.73867E+00 15.0
    111  6  4  321   4 2p 6d            3.39318E-01  3.85103E+00 15.0
    112  6  4  321   5 2p 7d            4.06861E-01  3.91857E+00 15.0
    113  6  4  321   6 2p 8d            4.50599E-01  3.96231E+00 15.0
    114  6  4  321   7 2p 9d            4.80533E-01  3.99224E+00 15.0
    115  6  4  321   8 2p10d            5.01913E-01  4.01362E+00 15.0
    116  6  4  330   1 2p 4f            2.23975E-02  3.53411E+00 21.0
    117  6  4  330   2 2p 5f            2.28962E-01  3.74067E+00 21.0
    118  6  4  330   3 2p 6f            3.40486E-01  3.85220E+00 21.0
    119  6  4  330   4 2p 7f            4.07609E-01  3.91932E+00 21.0
    120  6  4  330   5 2p 8f            4.51106E-01  3.96282E+00 21.0
    121  6  4  330   6 2p 9f            4.80891E-01  3.99260E+00 21.0
    122  6  4  330   7 2p10f            5.02176E-01  4.01389E+00 21.0
    123  6  4  331   1 2s 4f           -5.84786E-01  2.92692E+00 21.0
    124  6  4  331   2 2p 3d           -4.77162E-01  3.03455E+00 21.0
    125  6  4  331   3 2s 5f           -3.55534E-01  3.15618E+00 21.0
    126  6  4  331   4 2s 6f           -2.49400E-01  3.26231E+00 21.0
    127  6  4  331   5 2s 7f           -1.83737E-01  3.32797E+00 21.0
    128  6  4  331   6 2s 8f           -1.40852E-01  3.37086E+00 21.0
    129  6  4  331   7 2s 9f           -1.11374E-01  3.40034E+00 21.0
    130  6  4  331   8 2s10f           -9.02610E-02  3.42145E+00 21.0
    131  6  4  340   1 2s 5g           -3.61291E-01  3.15042E+00 27.0
    132  6  4  340   2 2s 6g           -2.50991E-01  3.26072E+00 27.0
    133  6  4  340   3 2s 7g           -1.84425E-01  3.32728E+00 27.0
    134  6  4  340   4 2s 8g           -1.41209E-01  3.37050E+00 27.0
    135  6  4  340   5 2s 9g           -1.11576E-01  3.40013E+00 27.0
    136  6  4  340   6 2s10g           -9.03770E-02  3.42133E+00 27.0
    137  6  5  200   1 2s 2p2          -8.93962E-01  8.93728E-01  2.0
    138  6  5  200   2 2s2 3s          -7.25253E-01  1.06244E+00  2.0
    139  6  5  200   3 2s2 4s          -3.58541E-01  1.42915E+00  2.0
    140  6  5  200   4 2s2 5s          -2.12125E-01  1.57557E+00  2.0
    141  6  5  200   5 2s2 6s          -1.40143E-01  1.64755E+00  2.0
    142  6  5  200   6 2s2 7s          -9.94760E-02  1.68821E+00  2.0
    143  6  5  200   7 2s2 8s          -7.42722E-02  1.71342E+00  2.0
    144  6  5  200   8 2s2 9s          -5.75835E-02  1.73011E+00  2.0
    145  6  5  200   9 2s210s          -4.59740E-02  1.74172E+00  2.0
    146  6  5  201   1 2p2(3PE) 3p      6.31842E-01  2.41953E+00  2.0
    147  6  5  201   2 2p2(3PE) 4p      9.43239E-01  2.73093E+00  2.0
    148  6  5  201   3 2p2(3PE) 5p      1.06788E+00  2.85557E+00  2.0
    149  6  5  201   4 2p2(3PE) 6p      1.13097E+00  2.91866E+00  2.0
    150  6  5  201   5 2p2(3PE) 7p      1.16731E+00  2.95500E+00  2.0
    151  6  5  201   6 2p2(3PE) 8p      1.19017E+00  2.97786E+00  2.0
    152  6  5  201   7 2p2(3PE) 9p      1.20549E+00  2.99318E+00  2.0
    153  6  5  201   8 2p2(3PE)10p      1.21625E+00  3.00394E+00  2.0
    154  6  5  210   1 2s 2p2          -7.66486E-01  1.02120E+00  6.0
    155  6  5  210   2 2s2p(3PO) 3p    -1.31032E-01  1.65666E+00  6.0
    156  6  5  210   3 2s2p(3PO) 4p     1.62771E-01  1.95046E+00  6.0
    157  6  5  210   4 2s2p(3PO) 5p     2.85208E-01  2.07290E+00  6.0
    158  6  5  210   5 2s2p(3PO) 6p     3.46370E-01  2.13406E+00  6.0
    159  6  5  210   6 2s2p(1PO) 3p     3.58687E-01  2.14638E+00  6.0
    160  6  5  210   7 2s2p(3PO) 7p     3.85347E-01  2.17304E+00  6.0
    161  6  5  210   8 2s2p(3PO) 8p     4.07960E-01  2.19565E+00  6.0
    162  6  5  210   9 2s2p(3PO) 9p     4.23259E-01  2.21095E+00  6.0
    163  6  5  210  10 2s2p(3PO)10p     4.34044E-01  2.22173E+00  6.0
    164  6  5  211   1 2s2 2p          -1.78769E+00  0.00000E+00  6.0
    165  6  5  211   2 2s2 3p          -5.90082E-01  1.19761E+00  6.0
    166  6  5  211   3 2s2 4p          -3.10093E-01  1.47760E+00  6.0
    167  6  5  211   4 2p3             -2.42561E-01  1.54513E+00  6.0
    168  6  5  211   5 2s2 5p          -1.89475E-01  1.59822E+00  6.0
    169  6  5  211   6 2s2p(3PO) 3s    -1.63384E-01  1.62431E+00  6.0
    170  6  5  211   7 2s2 6p          -1.24104E-01  1.66359E+00  6.0
    171  6  5  211   8 2s2 7p          -9.01943E-02  1.69750E+00  6.0
    172  6  5  211   9 2s2 8p          -6.82796E-02  1.71941E+00  6.0
    173  6  5  211  10 2s2 9p          -5.34454E-02  1.73424E+00  6.0
    174  6  5  211  11 2s210p          -4.29586E-02  1.74473E+00  6.0
    175  6  5  220   1 2s 2p2          -1.09975E+00  6.87940E-01 10.0
    176  6  5  220   2 2s2 3d          -4.63979E-01  1.32371E+00 10.0
    177  6  5  220   3 2s2 4d          -2.59310E-01  1.52838E+00 10.0
    178  6  5  220   4 2s2 5d          -1.65207E-01  1.62248E+00 10.0
    179  6  5  220   5 2s2 6d          -1.14466E-01  1.67322E+00 10.0
    180  6  5  220   6 2s2 7d          -8.44072E-02  1.70328E+00 10.0
    181  6  5  220   7 2s2p(3PO) 3p    -6.97017E-02  1.71799E+00 10.0
    182  6  5  220   8 2s2 8d          -6.22036E-02  1.72549E+00 10.0
    183  6  5  220   9 2s2 9d          -4.98605E-02  1.73783E+00 10.0
    184  6  5  220  10 2s210d          -4.04418E-02  1.74725E+00 10.0
    185  6  5  221   1 2p3             -4.10622E-01  1.37707E+00 10.0
    186  6  5  221   2 2s2p(3PO) 3d     1.82143E-02  1.80590E+00 10.0
    187  6  5  221   3 2s2p(3PO) 4d     2.19217E-01  2.00691E+00 10.0
    188  6  5  221   4 2s2p(3PO) 5d     3.12624E-01  2.10031E+00 10.0
    189  6  5  221   5 2s2p(3PO) 6d     3.63392E-01  2.15108E+00 10.0
    190  6  5  221   6 2s2p(3PO) 7d     3.93907E-01  2.18160E+00 10.0
    191  6  5  221   7 2s2p(3PO) 8d     4.13648E-01  2.20134E+00 10.0
    192  6  5  221   8 2s2p(3PO) 9d     4.27142E-01  2.21483E+00 10.0
    193  6  5  221   9 2s2p(3PO)10d     4.36768E-01  2.22446E+00 10.0
    194  6  5  230   1 2s2p(3PO) 4f     2.22898E-01  2.01059E+00 14.0
    195  6  5  230   2 2s2p(3PO) 5f     3.15235E-01  2.10293E+00 14.0
    196  6  5  230   3 2s2p(3PO) 6f     3.65165E-01  2.15285E+00 14.0
    197  6  5  230   4 2s2p(3PO) 7f     3.95179E-01  2.18287E+00 14.0
    198  6  5  230   5 2s2p(3PO) 8f     4.14621E-01  2.20231E+00 14.0
    199  6  5  230   6 2s2p(3PO) 9f     4.27930E-01  2.21562E+00 14.0
    200  6  5  230   7 2s2p(3PO)10f     4.37439E-01  2.22513E+00 14.0
    201  6  5  231   1 2s2 4f          -2.52053E-01  1.53564E+00 14.0
    202  6  5  231   2 2s2 5f          -1.61225E-01  1.62647E+00 14.0
    203  6  5  231   3 2s2 6f          -1.11881E-01  1.67581E+00 14.0
    204  6  5  231   4 2s2 7f          -8.21428E-02  1.70555E+00 14.0
    205  6  5  231   5 2s2 8f          -6.28536E-02  1.72484E+00 14.0
    206  6  5  231   6 2s2 9f          -4.96370E-02  1.73805E+00 14.0
    207  6  5  231   7 2s210f          -4.01886E-02  1.74750E+00 14.0
    208  6  5  240   1 2s2 5g          -1.60175E-01  1.62752E+00 18.0
    209  6  5  240   2 2s2 6g          -1.11256E-01  1.67643E+00 18.0
    210  6  5  240   3 2s2 7g          -8.17375E-02  1.70595E+00 18.0
    211  6  5  240   4 2s2 8g          -6.25755E-02  1.72511E+00 18.0
    212  6  5  240   5 2s2 9g          -4.94380E-02  1.73825E+00 18.0
    213  6  5  240   6 2s210g          -4.00415E-02  1.74765E+00 18.0
    214  6  5  241   1 2s2p(3PO) 5g     3.17122E-01  2.10481E+00 18.0
    215  6  5  241   2 2s2p(3PO) 6g     3.66192E-01  2.15388E+00 18.0
    216  6  5  241   3 2s2p(3PO) 7g     3.95826E-01  2.18352E+00 18.0
    217  6  5  241   4 2s2p(3PO) 8g     4.15061E-01  2.20275E+00 18.0
    218  6  5  241   5 2s2p(3PO) 9g     4.28244E-01  2.21593E+00 18.0
    219  6  5  241   6 2s2p(3PO)10g     4.37671E-01  2.22536E+00 18.0
    220  6  5  400   1 2s2p(3PO) 3p    -1.04769E-01  1.68292E+00  4.0
    221  6  5  400   2 2s2p(3PO) 4p     1.75316E-01  1.96301E+00  4.0
    222  6  5  400   3 2s2p(3PO) 5p     2.92344E-01  2.08003E+00  4.0
    223  6  5  400   4 2s2p(3PO) 6p     3.52314E-01  2.14000E+00  4.0
    224  6  5  400   5 2s2p(3PO) 7p     3.87254E-01  2.17494E+00  4.0
    225  6  5  400   6 2s2p(3PO) 8p     4.09394E-01  2.19708E+00  4.0
    226  6  5  400   7 2s2p(3PO) 9p     4.24303E-01  2.21199E+00  4.0
    227  6  5  400   8 2s2p(3PO)10p     4.34820E-01  2.22251E+00  4.0
    228  6  5  401   1 2p3             -4.87900E-01  1.29979E+00  4.0
    229  6  5  401   2 2p2(3PE) 3p      7.15475E-01  2.50317E+00  4.0
    230  6  5  401   3 2p2(3PE) 4p      9.71876E-01  2.75957E+00  4.0
    231  6  5  401   4 2p2(3PE) 5p      1.08095E+00  2.86864E+00  4.0
    232  6  5  401   5 2p2(3PE) 6p      1.13804E+00  2.92573E+00  4.0
    233  6  5  401   6 2p2(3PE) 7p      1.17158E+00  2.95927E+00  4.0
    234  6  5  401   7 2p2(3PE) 8p      1.19295E+00  2.98064E+00  4.0
    235  6  5  401   8 2p2(3PE) 9p      1.20740E+00  2.99509E+00  4.0
    236  6  5  401   9 2p2(3PE)10p      1.21762E+00  3.00531E+00  4.0
    237  6  5  410   1 2s 2p2          -1.39940E+00  3.88290E-01 12.0
    238  6  5  410   2 2s2p(3PO) 3p    -9.01524E-02  1.69754E+00 12.0
    239  6  5  410   3 2s2p(3PO) 4p     1.81062E-01  1.96875E+00 12.0
    240  6  5  410   4 2s2p(3PO) 5p     2.94811E-01  2.08250E+00 12.0
    241  6  5  410   5 2s2p(3PO) 6p     3.53730E-01  2.14142E+00 12.0
    242  6  5  410   6 2s2p(3PO) 7p     3.88147E-01  2.17584E+00 12.0
    243  6  5  410   7 2s2p(3PO) 8p     4.09991E-01  2.19768E+00 12.0
    244  6  5  410   8 2s2p(3PO) 9p     4.24720E-01  2.21241E+00 12.0
    245  6  5  410   9 2s2p(3PO)10p     4.35122E-01  2.22281E+00 12.0
    246  6  5  411   1 2s2p(3PO) 3s    -2.67141E-01  1.52055E+00 12.0
    247  6  5  411   2 2s2p(3PO) 3d     2.35298E-02  1.81122E+00 12.0
    248  6  5  411   3 2s2p(3PO) 4s     1.18862E-01  1.90655E+00 12.0
    249  6  5  411   4 2s2p(3PO) 4d     2.20992E-01  2.00868E+00 12.0
    250  6  5  411   5 2s2p(3PO) 5s     2.66041E-01  2.05373E+00 12.0
    251  6  5  411   6 2s2p(3PO) 5d     3.14022E-01  2.10171E+00 12.0
    252  6  5  411   7 2s2p(3PO) 6s     3.38021E-01  2.12571E+00 12.0
    253  6  5  411   8 2s2p(3PO) 6d     3.64385E-01  2.15208E+00 12.0
    254  6  5  411   9 2s2p(3PO) 7s     3.78631E-01  2.16632E+00 12.0
    255  6  5  411  10 2s2p(3PO) 7d     3.94667E-01  2.18236E+00 12.0
    256  6  5  411  11 2s2p(3PO) 8s     4.03794E-01  2.19148E+00 12.0
    257  6  5  411  12 2s2p(3PO) 8d     4.14273E-01  2.20196E+00 12.0
    258  6  5  411  13 2s2p(3PO) 9s     4.20461E-01  2.20815E+00 12.0
    259  6  5  411  14 2s2p(3PO) 9d     4.27685E-01  2.21537E+00 12.0
    260  6  5  411  15 2s2p(3PO)10s     4.32070E-01  2.21976E+00 12.0
    261  6  5  411  16 2s2p(3PO)10d     4.37260E-01  2.22495E+00 12.0
    262  6  5  420   1 2s2p(3PO) 3p    -1.34692E-01  1.65300E+00 20.0
    263  6  5  420   2 2s2p(3PO) 4p     1.65933E-01  1.95362E+00 20.0
    264  6  5  420   3 2s2p(3PO) 4f     2.29186E-01  2.01688E+00 20.0
    265  6  5  420   4 2s2p(3PO) 5p     2.87927E-01  2.07562E+00 20.0
    266  6  5  420   5 2s2p(3PO) 5f     3.18268E-01  2.10596E+00 20.0
    267  6  5  420   6 2s2p(3PO) 6p     3.49954E-01  2.13764E+00 20.0
    268  6  5  420   7 2s2p(3PO) 6f     3.66870E-01  2.15456E+00 20.0
    269  6  5  420   8 2s2p(3PO) 7p     3.85848E-01  2.17354E+00 20.0
    270  6  5  420   9 2s2p(3PO) 7f     3.96250E-01  2.18394E+00 20.0
    271  6  5  420  10 2s2p(3PO) 8p     4.08487E-01  2.19618E+00 20.0
    272  6  5  420  11 2s2p(3PO) 8f     4.15342E-01  2.20303E+00 20.0
    273  6  5  420  12 2s2p(3PO) 9p     4.23684E-01  2.21137E+00 20.0
    274  6  5  420  13 2s2p(3PO) 9f     4.28439E-01  2.21613E+00 20.0
    275  6  5  420  14 2s2p(3PO)10p     4.34377E-01  2.22207E+00 20.0
    276  6  5  421   1 2s2p(3PO) 3d     1.00906E-03  1.78870E+00 20.0
    277  6  5  421   2 2s2p(3PO) 4d     2.14838E-01  2.00253E+00 20.0
    278  6  5  421   3 2s2p(3PO) 5d     3.11114E-01  2.09880E+00 20.0
    279  6  5  421   4 2s2p(3PO) 6d     3.62847E-01  2.15054E+00 20.0
    280  6  5  421   5 2s2p(3PO) 7d     3.93761E-01  2.18145E+00 20.0
    281  6  5  421   6 2s2p(3PO) 8d     4.13694E-01  2.20138E+00 20.0
    282  6  5  421   7 2s2p(3PO) 9d     4.27291E-01  2.21498E+00 20.0
    283  6  5  421   8 2s2p(3PO)10d     4.36980E-01  2.22467E+00 20.0
    284  6  5  430   1 2s2p(3PO) 4f     2.23012E-01  2.01070E+00 28.0
    285  6  5  430   2 2s2p(3PO) 5f     3.15323E-01  2.10301E+00 28.0
    286  6  5  430   3 2s2p(3PO) 6f     3.65225E-01  2.15292E+00 28.0
    287  6  5  430   4 2s2p(3PO) 7f     3.95220E-01  2.18291E+00 28.0
    288  6  5  430   5 2s2p(3PO) 8f     4.14650E-01  2.20234E+00 28.0
    289  6  5  430   6 2s2p(3PO) 9f     4.27952E-01  2.21564E+00 28.0
    290  6  5  430   7 2s2p(3PO)10f     4.37455E-01  2.22515E+00 28.0
    291  6  5  431   1 2s2p(3PO) 3d    -8.16360E-03  1.77953E+00 28.0
    292  6  5  431   2 2s2p(3PO) 4d     2.08837E-01  1.99653E+00 28.0
    293  6  5  431   3 2s2p(3PO) 5d     3.07979E-01  2.09567E+00 28.0
    294  6  5  431   4 2s2p(3PO) 5g     3.18090E-01  2.10578E+00 28.0
    295  6  5  431   5 2s2p(3PO) 6d     3.60984E-01  2.14867E+00 28.0
    296  6  5  431   6 2s2p(3PO) 6g     3.66885E-01  2.15458E+00 28.0
    297  6  5  431   7 2s2p(3PO) 7d     3.92571E-01  2.18026E+00 28.0
    298  6  5  431   8 2s2p(3PO) 7g     3.96295E-01  2.18398E+00 28.0
    299  6  5  431   9 2s2p(3PO) 8d     4.12891E-01  2.20058E+00 28.0
    300  6  5  431  10 2s2p(3PO) 8g     4.15384E-01  2.20307E+00 28.0
    301  6  5  431  11 2s2p(3PO) 9d     4.26725E-01  2.21442E+00 28.0
    302  6  5  431  12 2s2p(3PO) 9g     4.28475E-01  2.21617E+00 28.0
    303  6  5  431  13 2s2p(3PO)10d     4.36566E-01  2.22426E+00 28.0
    304  6  5  440   1 2s2p(3PO) 4f     2.27710E-01  2.01540E+00 36.0
    305  6  5  440   2 2s2p(3PO) 5f     3.17596E-01  2.10529E+00 36.0
    306  6  5  440   3 2s2p(3PO) 6f     3.66499E-01  2.15419E+00 36.0
    307  6  5  440   4 2s2p(3PO) 6h     3.66756E-01  2.15445E+00 36.0
    308  6  5  440   5 2s2p(3PO) 7f     3.96024E-01  2.18371E+00 36.0
    309  6  5  440   6 2s2p(3PO) 7h     3.96214E-01  2.18390E+00 36.0
    310  6  5  440   7 2s2p(3PO) 8f     4.15194E-01  2.20288E+00 36.0
    311  6  5  440   8 2s2p(3PO) 8h     4.15332E-01  2.20302E+00 36.0
    312  6  5  440   9 2s2p(3PO) 9f     4.28338E-01  2.21603E+00 36.0
    313  6  5  440  10 2s2p(3PO) 9h     4.28439E-01  2.21613E+00 36.0
    314  6  5  440  11 2s2p(3PO)10f     4.37739E-01  2.22543E+00 36.0
    315  6  5  441   1 2s2p(3PO) 5g     3.17122E-01  2.10481E+00 36.0
    316  6  5  441   2 2s2p(3PO) 6g     3.66193E-01  2.15388E+00 36.0
    317  6  5  441   3 2s2p(3PO) 7g     3.95826E-01  2.18352E+00 36.0
    318  6  5  441   4 2s2p(3PO) 8g     4.15061E-01  2.20275E+00 36.0
    319  6  5  441   5 2s2p(3PO) 9g     4.28245E-01  2.21593E+00 36.0
    320  6  5  441   6 2s2p(3PO)10g     4.37671E-01  2.22536E+00 36.0
    321  6  6  100   1 2s2 2p2         -6.35936E-01  2.10525E-01  1.0
    322  6  6  100   2 2s2 2p 3p       -1.59115E-01  6.87346E-01  1.0
    323  6  6  100   3 2s2 2p 4p       -8.00323E-02  7.66429E-01  1.0
    324  6  6  100   4 2s2 2p 5p       -4.83888E-02  7.98072E-01  1.0
    325  6  6  100   5 2s2 2p 6p       -3.24511E-02  8.14010E-01  1.0
    326  6  6  100   6 2s2 2p 7p       -2.32798E-02  8.23181E-01  1.0
    327  6  6  100   7 2s2 2p 8p       -1.75160E-02  8.28945E-01  1.0
    328  6  6  100   8 2s2 2p 9p       -1.36570E-02  8.32804E-01  1.0
    329  6  6  100   9 2s2 2p10p       -1.09466E-02  8.35514E-01  1.0
    330  6  6  101   1 2s2p2(2PE) 3p    7.93461E-01  1.63992E+00  1.0
    331  6  6  101   2 2s2p2(2PE) 4p    9.29071E-01  1.77553E+00  1.0
    332  6  6  101   3 2s2p2(2PE) 5p    9.71635E-01  1.81810E+00  1.0
    333  6  6  101   4 2s2p2(2PE) 6p    9.91503E-01  1.83796E+00  1.0
    334  6  6  101   5 2s2p2(2PE) 7p    1.00246E+00  1.84892E+00  1.0
    335  6  6  101   6 2s2p2(2PE) 8p    1.00916E+00  1.85562E+00  1.0
    336  6  6  101   7 2s2p2(2PE) 9p    1.01355E+00  1.86001E+00  1.0
    337  6  6  101   8 2s2p2(2PE)10p    1.01659E+00  1.86305E+00  1.0
    338  6  6  110   1 2s2 2p 3p       -2.16248E-01  6.30213E-01  3.0
    339  6  6  110   2 2s2 2p 4p       -9.57750E-02  7.50686E-01  3.0
    340  6  6  110   3 2s2 2p 5p       -5.53334E-02  7.91128E-01  3.0
    341  6  6  110   4 2s2 2p 6p       -3.61488E-02  8.10312E-01  3.0
    342  6  6  110   5 2s2 2p 7p       -2.54854E-02  8.20976E-01  3.0
    343  6  6  110   6 2s2 2p 8p       -1.89378E-02  8.27523E-01  3.0
    344  6  6  110   7 2s2 2p 9p       -1.46272E-02  8.31834E-01  3.0
    345  6  6  110   8 2s2 2p10p       -1.16381E-02  8.34823E-01  3.0
    346  6  6  111   1 2s2 2p 3s       -2.80533E-01  5.65928E-01  3.0
    347  6  6  111   2 2s2 2p 4s       -1.15623E-01  7.30838E-01  3.0
    348  6  6  111   3 2s2 2p 3d       -1.10991E-01  7.35470E-01  3.0
    349  6  6  111   4 2s2 2p 5s       -6.42691E-02  7.82192E-01  3.0
    350  6  6  111   5 2s2 2p 4d       -6.24426E-02  7.84018E-01  3.0
    351  6  6  111   6 2s2 2p 6s       -4.08698E-02  8.05591E-01  3.0
    352  6  6  111   7 2s2 2p 5d       -3.99533E-02  8.06508E-01  3.0
    353  6  6  111   8 2s2 2p 7s       -2.82702E-02  8.18191E-01  3.0
    354  6  6  111   9 2s2 2p 6d       -2.77459E-02  8.18715E-01  3.0
    355  6  6  111  10 2s2 2p 8s       -2.07143E-02  8.25747E-01  3.0
    356  6  6  111  11 2s2 2p 7d       -2.03864E-02  8.26075E-01  3.0
    357  6  6  111  12 2s2 2p 9s       -1.58284E-02  8.30633E-01  3.0
    358  6  6  111  13 2s2 2p 8d       -1.56098E-02  8.30851E-01  3.0
    359  6  6  111  14 2s2 2p10s       -1.24878E-02  8.33973E-01  3.0
    360  6  6  111  15 2s2 2p 9d       -1.23347E-02  8.34126E-01  3.0
    361  6  6  111  16 2s2 2p11s       -1.01032E-02  8.36358E-01  3.0
    362  6  6  120   1 2s2 2p2         -7.48402E-01  9.80590E-02  5.0
    363  6  6  120   2 2s2 2p 3p       -1.75374E-01  6.71087E-01  5.0
    364  6  6  120   3 2s2 2p 4p       -8.48612E-02  7.61600E-01  5.0
    365  6  6  120   4 2s2 2p 4f       -6.23658E-02  7.84095E-01  5.0
    366  6  6  120   5 2s2 2p 5p       -5.05820E-02  7.95879E-01  5.0
    367  6  6  120   6 2s2 2p 5f       -3.99323E-02  8.06529E-01  5.0
    368  6  6  120   7 2s2 2p 6p       -3.36361E-02  8.12825E-01  5.0
    369  6  6  120   8 2s2 2p 6f       -2.77404E-02  8.18721E-01  5.0
    370  6  6  120   9 2s2 2p 7p       -2.39929E-02  8.22468E-01  5.0
    371  6  6  120  10 2s2 2p 7f       -2.03854E-02  8.26076E-01  5.0
    372  6  6  120  11 2s2 2p 8p       -1.79786E-02  8.28482E-01  5.0
    373  6  6  120  12 2s2 2p 8f       -1.56101E-02  8.30851E-01  5.0
    374  6  6  120  13 2s2 2p 9p       -1.39741E-02  8.32487E-01  5.0
    375  6  6  120  14 2s2 2p 9f       -1.23354E-02  8.34126E-01  5.0
    376  6  6  120  15 2s2 2p10p       -1.11735E-02  8.35288E-01  5.0
    377  6  6  121   1 2s2 2p 3d       -1.22613E-01  7.23848E-01  5.0
    378  6  6  121   2 2s2 2p 4d       -6.82600E-02  7.78201E-01  5.0
    379  6  6  121   3 2s2 2p 5d       -4.32302E-02  8.03231E-01  5.0
    380  6  6  121   4 2s2 2p 6d       -2.97432E-02  8.16718E-01  5.0
    381  6  6  121   5 2s2 2p 7d       -2.16837E-02  8.24777E-01  5.0
    382  6  6  121   6 2s2 2p 8d       -1.64961E-02  8.29965E-01  5.0
    383  6  6  121   7 2s2 2p 9d       -1.29654E-02  8.33496E-01  5.0
    384  6  6  121   8 2s2 2p10d       -1.04558E-02  8.36005E-01  5.0
    385  6  6  130   1 2s2 2p 4f       -6.29373E-02  7.83524E-01  7.0
    386  6  6  130   2 2s2 2p 5f       -4.02543E-02  8.06207E-01  7.0
    387  6  6  130   3 2s2 2p 6f       -2.79306E-02  8.18530E-01  7.0
    388  6  6  130   4 2s2 2p 7f       -2.05062E-02  8.25955E-01  7.0
    389  6  6  130   5 2s2 2p 8f       -1.56914E-02  8.30770E-01  7.0
    390  6  6  130   6 2s2 2p 9f       -1.23927E-02  8.34068E-01  7.0
    391  6  6  130   7 2s2 2p10f       -1.00344E-02  8.36427E-01  7.0
    392  6  6  131   1 2s2 2p 3d       -1.13385E-01  7.33076E-01  7.0
    393  6  6  131   2 2s2 2p 4d       -6.35609E-02  7.82900E-01  7.0
    394  6  6  131   3 2s2 2p 5d       -4.05524E-02  8.05909E-01  7.0
    395  6  6  131   4 2s2 2p 5g       -3.99879E-02  8.06473E-01  7.0
    396  6  6  131   5 2s2 2p 6d       -2.80996E-02  8.18361E-01  7.0
    397  6  6  131   6 2s2 2p 6g       -2.77675E-02  8.18694E-01  7.0
    398  6  6  131   7 2s2 2p 7d       -2.06115E-02  8.25849E-01  7.0
    399  6  6  131   8 2s2 2p 7g       -2.04006E-02  8.26060E-01  7.0
    400  6  6  131   9 2s2 2p 8d       -1.57615E-02  8.30700E-01  7.0
    401  6  6  131  10 2s2 2p 8g       -1.56195E-02  8.30841E-01  7.0
    402  6  6  131  11 2s2 2p 9d       -1.24417E-02  8.34019E-01  7.0
    403  6  6  131  12 2s2 2p 9g       -1.23416E-02  8.34119E-01  7.0
    404  6  6  131  13 2s2 2p10d       -1.00701E-02  8.36391E-01  7.0
    405  6  6  140   1 2s2 2p 4f       -6.25127E-02  7.83948E-01  9.0
    406  6  6  140   2 2s2 2p 5f       -4.00150E-02  8.06446E-01  9.0
    407  6  6  140   3 2s2 2p 6f       -2.77946E-02  8.18666E-01  9.0
    408  6  6  140   4 2s2 2p 6h       -2.77718E-02  8.18689E-01  9.0
    409  6  6  140   5 2s2 2p 7f       -2.04212E-02  8.26040E-01  9.0
    410  6  6  140   6 2s2 2p 7h       -2.04027E-02  8.26058E-01  9.0
    411  6  6  140   7 2s2 2p 8f       -1.56346E-02  8.30826E-01  9.0
    412  6  6  140   8 2s2 2p 8h       -1.56207E-02  8.30840E-01  9.0
    413  6  6  140   9 2s2 2p 9f       -1.23529E-02  8.34108E-01  9.0
    414  6  6  140  10 2s2 2p 9h       -1.23424E-02  8.34119E-01  9.0
    415  6  6  140  11 2s2 2p10f       -1.00054E-02  8.36456E-01  9.0
    416  6  6  141   1 2s2 2p 5g       -4.00328E-02  8.06428E-01  9.0
    417  6  6  141   2 2s2 2p 6g       -2.78070E-02  8.18654E-01  9.0
    418  6  6  141   3 2s2 2p 7g       -2.04302E-02  8.26031E-01  9.0
    419  6  6  141   4 2s2 2p 8g       -1.56412E-02  8.30820E-01  9.0
    420  6  6  141   5 2s2 2p 9g       -1.23577E-02  8.34103E-01  9.0
    421  6  6  141   6 2s2 2p10g       -1.00091E-02  8.36452E-01  9.0
    422  6  6  150   1 2s2 2p 6h       -2.77791E-02  8.18682E-01 11.0
    423  6  6  150   2 2s2 2p 7h       -2.04097E-02  8.26051E-01 11.0
    424  6  6  150   3 2s2 2p 8h       -1.56265E-02  8.30835E-01 11.0
    425  6  6  150   4 2s2 2p 9h       -1.23469E-02  8.34114E-01 11.0
    426  6  6  150   5 2s2 2p10h       -1.00010E-02  8.36460E-01 11.0
    427  6  6  151   1 2s2 2p 5g       -3.99974E-02  8.06464E-01 11.0
    428  6  6  151   2 2s2 2p 6g       -2.77757E-02  8.18685E-01 11.0
    429  6  6  151   3 2s2 2p 7i       -2.04085E-02  8.26052E-01 11.0
    430  6  6  151   4 2s2 2p 7g       -2.04085E-02  8.26052E-01 11.0
    431  6  6  151   5 2s2 2p 8i       -1.56255E-02  8.30836E-01 11.0
    432  6  6  151   6 2s2 2p 8g       -1.56255E-02  8.30836E-01 11.0
    433  6  6  151   7 2s2 2p 9i       -1.23461E-02  8.34115E-01 11.0
    434  6  6  151   8 2s2 2p 9g       -1.23461E-02  8.34115E-01 11.0
    435  6  6  151   9 2s2 2p10i       -1.00004E-02  8.36461E-01 11.0
    436  6  6  160   1 2s2 2p 6h       -2.77776E-02  8.18683E-01 13.0
    437  6  6  160   2 2s2 2p 7h       -2.04079E-02  8.26053E-01 13.0
    438  6  6  160   3 2s2 2p 8h       -1.56250E-02  8.30836E-01 13.0
    439  6  6  160   4 2s2 2p 8k       -1.56250E-02  8.30836E-01 13.0
    440  6  6  160   5 2s2 2p 9h       -1.23457E-02  8.34115E-01 13.0
    441  6  6  160   6 2s2 2p 9k       -1.23457E-02  8.34115E-01 13.0
    442  6  6  160   7 2s2 2p10h       -1.00000E-02  8.36461E-01 13.0
    443  6  6  161   1 2s2 2p 7i       -2.04082E-02  8.26053E-01 13.0
    444  6  6  161   2 2s2 2p 8i       -1.56250E-02  8.30836E-01 13.0
    445  6  6  161   3 2s2 2p 9i       -1.23457E-02  8.34115E-01 13.0
    446  6  6  161   4 2s2 2p10i       -1.00000E-02  8.36461E-01 13.0
    447  6  6  300   1 2s2 2p 3p       -1.96709E-01  6.49752E-01  3.0
    448  6  6  300   2 2s2 2p 4p       -9.11288E-02  7.55332E-01  3.0
    449  6  6  300   3 2s2 2p 5p       -5.33939E-02  7.93067E-01  3.0
    450  6  6  300   4 2s2 2p 6p       -3.51454E-02  8.11316E-01  3.0
    451  6  6  300   5 2s2 2p 7p       -2.48968E-02  8.21564E-01  3.0
    452  6  6  300   6 2s2 2p 8p       -1.85625E-02  8.27899E-01  3.0
    453  6  6  300   7 2s2 2p 9p       -1.43730E-02  8.32088E-01  3.0
    454  6  6  300   8 2s2 2p10p       -1.14581E-02  8.35003E-01  3.0
    455  6  6  301   1 2s 2p3:          1.19456E-01  9.65917E-01  3.0
    456  6  6  301   2 2s2p2(4PE) 3p    2.37656E-01  1.08412E+00  3.0
    457  6  6  301   3 2s2p2(4PE) 4p    2.95367E-01  1.14183E+00  3.0
    458  6  6  301   4 2s2p2(4PE) 5p    3.27497E-01  1.17396E+00  3.0
    459  6  6  301   5 2s2p2(4PE) 6p    3.44583E-01  1.19104E+00  3.0
    460  6  6  301   6 2s2p2(4PE) 7p    3.54460E-01  1.20092E+00  3.0
    461  6  6  301   7 2s2p2(4PE) 8p    3.60641E-01  1.20710E+00  3.0
    462  6  6  301   8 2s2p2(4PE) 9p    3.64756E-01  1.21122E+00  3.0
    463  6  6  301   9 2s2p2(4PE)10p    3.67630E-01  1.21409E+00  3.0
    464  6  6  310   1 2s2 2p2         -8.46461E-01  0.00000E+00  9.0
    465  6  6  310   2 2s2 2p 3p       -1.89330E-01  6.57131E-01  9.0
    466  6  6  310   3 2s2 2p 4p       -8.90611E-02  7.57400E-01  9.0
    467  6  6  310   4 2s2 2p 5p       -5.25151E-02  7.93946E-01  9.0
    468  6  6  310   5 2s2 2p 6p       -3.46911E-02  8.11770E-01  9.0
    469  6  6  310   6 2s2 2p 7p       -2.46324E-02  8.21829E-01  9.0
    470  6  6  310   7 2s2 2p 8p       -1.83953E-02  8.28066E-01  9.0
    471  6  6  310   8 2s2 2p 9p       -1.42606E-02  8.32200E-01  9.0
    472  6  6  310   9 2s2 2p10p       -1.13789E-02  8.35082E-01  9.0
    473  6  6  311   1 2s2 2p 3s       -2.96421E-01  5.50040E-01  9.0
    474  6  6  311   2 2s 2p3          -1.52982E-01  6.93479E-01  9.0
    475  6  6  311   3 2s2 2p 4s       -1.17444E-01  7.29017E-01  9.0
    476  6  6  311   4 2s2 2p 3d       -1.07168E-01  7.39293E-01  9.0
    477  6  6  311   5 2s2 2p 5s       -6.50440E-02  7.81417E-01  9.0
    478  6  6  311   6 2s2 2p 4d       -6.20564E-02  7.84405E-01  9.0
    479  6  6  311   7 2s2 2p 6s       -4.12436E-02  8.05217E-01  9.0
    480  6  6  311   8 2s2 2p 5d       -3.99213E-02  8.06540E-01  9.0
    481  6  6  311   9 2s2 2p 7s       -2.84788E-02  8.17982E-01  9.0
    482  6  6  311  10 2s2 2p 6d       -2.77704E-02  8.18691E-01  9.0
    483  6  6  311  11 2s2 2p 8s       -2.08427E-02  8.25618E-01  9.0
    484  6  6  311  12 2s2 2p 7d       -2.04168E-02  8.26044E-01  9.0
    485  6  6  311  13 2s2 2p 9s       -1.59131E-02  8.30548E-01  9.0
    486  6  6  311  14 2s2 2p 8d       -1.56363E-02  8.30825E-01  9.0
    487  6  6  311  15 2s2 2p10s       -1.25466E-02  8.33914E-01  9.0
    488  6  6  311  16 2s2 2p 9d       -1.23562E-02  8.34105E-01  9.0
    489  6  6  311  17 2s2 2p11s       -1.01457E-02  8.36315E-01  9.0
    490  6  6  311  18 2s2 2p10d       -1.00090E-02  8.36452E-01  9.0
    491  6  6  320   1 2s2 2p 3p       -2.07689E-01  6.38772E-01 15.0
    492  6  6  320   2 2s2 2p 4p       -9.36608E-02  7.52800E-01 15.0
    493  6  6  320   3 2s2 2p 4f       -6.23704E-02  7.84091E-01 15.0
    494  6  6  320   4 2s2 2p 5p       -5.44484E-02  7.92013E-01 15.0
    495  6  6  320   5 2s2 2p 5f       -3.99354E-02  8.06526E-01 15.0
    496  6  6  320   6 2s2 2p 6p       -3.56899E-02  8.10771E-01 15.0
    497  6  6  320   7 2s2 2p 6f       -2.77425E-02  8.18718E-01 15.0
    498  6  6  320   8 2s2 2p 7p       -2.52158E-02  8.21245E-01 15.0
    499  6  6  320   9 2s2 2p 7f       -2.03868E-02  8.26074E-01 15.0
    500  6  6  320  10 2s2 2p 8p       -1.87657E-02  8.27695E-01 15.0
    501  6  6  320  11 2s2 2p 8f       -1.56111E-02  8.30850E-01 15.0
    502  6  6  320  12 2s2 2p 9p       -1.45106E-02  8.31950E-01 15.0
    503  6  6  320  13 2s2 2p 9f       -1.23361E-02  8.34125E-01 15.0
    504  6  6  320  14 2s2 2p10p       -1.15555E-02  8.34906E-01 15.0
    505  6  6  321   1 2s 2p3          -2.62496E-01  5.83965E-01 15.0
    506  6  6  321   2 2s2 2p 3d       -1.15589E-01  7.30872E-01 15.0
    507  6  6  321   3 2s2 2p 4d       -6.44899E-02  7.81971E-01 15.0
    508  6  6  321   4 2s2 2p 5d       -4.10604E-02  8.05401E-01 15.0
    509  6  6  321   5 2s2 2p 6d       -2.84038E-02  8.18057E-01 15.0
    510  6  6  321   6 2s2 2p 7d       -2.08068E-02  8.25654E-01 15.0
    511  6  6  321   7 2s2 2p 8d       -1.58939E-02  8.30567E-01 15.0
    512  6  6  321   8 2s2 2p 9d       -1.25353E-02  8.33926E-01 15.0
    513  6  6  321   9 2s2 2p10d       -1.01386E-02  8.36322E-01 15.0
    514  6  6  330   1 2s2 2p 4f       -6.29346E-02  7.83526E-01 21.0
    515  6  6  330   2 2s2 2p 5f       -4.02521E-02  8.06209E-01 21.0
    516  6  6  330   3 2s2 2p 6f       -2.79290E-02  8.18532E-01 21.0
    517  6  6  330   4 2s2 2p 7f       -2.05051E-02  8.25956E-01 21.0
    518  6  6  330   5 2s2 2p 8f       -1.56906E-02  8.30770E-01 21.0
    519  6  6  330   6 2s2 2p 9f       -1.23921E-02  8.34069E-01 21.0
    520  6  6  330   7 2s2 2p10f       -1.00340E-02  8.36427E-01 21.0
    521  6  6  331   1 2s2 2p 3d       -1.16793E-01  7.29668E-01 21.0
    522  6  6  331   2 2s2 2p 4d       -6.54102E-02  7.81051E-01 21.0
    523  6  6  331   3 2s2 2p 5d       -4.15804E-02  8.04881E-01 21.0
    524  6  6  331   4 2s2 2p 5g       -3.99882E-02  8.06473E-01 21.0
    525  6  6  331   5 2s2 2p 6d       -2.87173E-02  8.17744E-01 21.0
    526  6  6  331   6 2s2 2p 6g       -2.77677E-02  8.18693E-01 21.0
    527  6  6  331   7 2s2 2p 7d       -2.10084E-02  8.25453E-01 21.0
    528  6  6  331   8 2s2 2p 7g       -2.04007E-02  8.26060E-01 21.0
    529  6  6  331   9 2s2 2p 8d       -1.60305E-02  8.30431E-01 21.0
    530  6  6  331  10 2s2 2p 8g       -1.56196E-02  8.30841E-01 21.0
    531  6  6  331  11 2s2 2p 9d       -1.26320E-02  8.33829E-01 21.0
    532  6  6  331  12 2s2 2p 9g       -1.23417E-02  8.34119E-01 21.0
    533  6  6  331  13 2s2 2p10d       -1.02095E-02  8.36251E-01 21.0
    534  6  6  340   1 2s2 2p 4f       -6.25193E-02  7.83942E-01 27.0
    535  6  6  340   2 2s2 2p 5f       -4.00206E-02  8.06440E-01 27.0
    536  6  6  340   3 2s2 2p 6f       -2.77978E-02  8.18663E-01 27.0
    537  6  6  340   4 2s2 2p 6h       -2.77727E-02  8.18688E-01 27.0
    538  6  6  340   5 2s2 2p 7f       -2.04234E-02  8.26038E-01 27.0
    539  6  6  340   6 2s2 2p 7h       -2.04034E-02  8.26058E-01 27.0
    540  6  6  340   7 2s2 2p 8f       -1.56362E-02  8.30825E-01 27.0
    541  6  6  340   8 2s2 2p 8h       -1.56212E-02  8.30840E-01 27.0
    542  6  6  340   9 2s2 2p 9f       -1.23540E-02  8.34107E-01 27.0
    543  6  6  340  10 2s2 2p 9h       -1.23428E-02  8.34118E-01 27.0
    544  6  6  340  11 2s2 2p10f       -1.00063E-02  8.36455E-01 27.0
    545  6  6  341   1 2s2 2p 5g       -4.00328E-02  8.06428E-01 27.0
    546  6  6  341   2 2s2 2p 6g       -2.78070E-02  8.18654E-01 27.0
    547  6  6  341   3 2s2 2p 7g       -2.04302E-02  8.26031E-01 27.0
    548  6  6  341   4 2s2 2p 8g       -1.56412E-02  8.30820E-01 27.0
    549  6  6  341   5 2s2 2p 9g       -1.23577E-02  8.34103E-01 27.0
    550  6  6  341   6 2s2 2p10g       -1.00091E-02  8.36452E-01 27.0
    551  6  6  350   1 2s2 2p 6h       -2.77791E-02  8.18682E-01 33.0
    552  6  6  350   2 2s2 2p 7h       -2.04097E-02  8.26051E-01 33.0
    553  6  6  350   3 2s2 2p 8h       -1.56265E-02  8.30835E-01 33.0
    554  6  6  350   4 2s2 2p 9h       -1.23469E-02  8.34114E-01 33.0
    555  6  6  350   5 2s2 2p10h       -1.00010E-02  8.36460E-01 33.0
    556  6  6  351   1 2s2 2p 5g       -3.99974E-02  8.06464E-01 33.0
    557  6  6  351   2 2s2 2p 6g       -2.77757E-02  8.18685E-01 33.0
    558  6  6  351   3 2s2 2p 7g       -2.04085E-02  8.26052E-01 33.0
    559  6  6  351   4 2s2 2p 7i       -2.04085E-02  8.26052E-01 33.0
    560  6  6  351   5 2s2 2p 8g       -1.56255E-02  8.30836E-01 33.0
    561  6  6  351   6 2s2 2p 8i       -1.56255E-02  8.30836E-01 33.0
    562  6  6  351   7 2s2 2p 9g       -1.23461E-02  8.34115E-01 33.0
    563  6  6  351   8 2s2 2p 9i       -1.23461E-02  8.34115E-01 33.0
    564  6  6  351   9 2s2 2p10g       -1.00004E-02  8.36461E-01 33.0
    565  6  6  360   1 2s2 2p 6h       -2.77776E-02  8.18683E-01 39.0
    566  6  6  360   2 2s2 2p 7h       -2.04079E-02  8.26053E-01 39.0
    567  6  6  360   3 2s2 2p 8h       -1.56250E-02  8.30836E-01 39.0
    568  6  6  360   4 2s2 2p 8k       -1.56250E-02  8.30836E-01 39.0
    569  6  6  360   5 2s2 2p 9h       -1.23457E-02  8.34115E-01 39.0
    570  6  6  360   6 2s2 2p 9k       -1.23457E-02  8.34115E-01 39.0
    571  6  6  360   7 2s2 2p10h       -1.00000E-02  8.36461E-01 39.0
    572  6  6  361   1 2s2 2p 7i       -2.04082E-02  8.26053E-01 39.0
    573  6  6  361   2 2s2 2p 8i       -1.56250E-02  8.30836E-01 39.0
    574  6  6  361   3 2s2 2p 9i       -1.23457E-02  8.34115E-01 39.0
    575  6  6  361   4 2s2 2p10i       -1.00000E-02  8.36461E-01 39.0
    576  6  6  501   1 2s 2p3          -5.50551E-01  2.95910E-01  5.0
    577  6  6  501   2 2s2p2(4PE) 3p    1.99453E-01  1.04591E+00  5.0
    578  6  6  501   3 2s2p2(4PE) 4p    2.92745E-01  1.13921E+00  5.0
    579  6  6  501   4 2s2p2(4PE) 5p    3.27781E-01  1.17424E+00  5.0
    580  6  6  501   5 2s2p2(4PE) 6p    3.45027E-01  1.19149E+00  5.0
    581  6  6  501   6 2s2p2(4PE) 7p    3.54809E-01  1.20127E+00  5.0
    582  6  6  501   7 2s2p2(4PE) 8p    3.60897E-01  1.20736E+00  5.0
    583  6  6  501   8 2s2p2(4PE) 9p    3.64944E-01  1.21141E+00  5.0
    584  6  6  501   9 2s2p2(4PE)10p    3.67770E-01  1.21423E+00  5.0
    585  6  6  510   1 2s2p2(4PE) 3s    9.35423E-02  9.40003E-01 15.0
    586  6  6  510   2 2s2p2(4PE) 4s    2.60733E-01  1.10719E+00 15.0
    587  6  6  510   3 2s2p2(4PE) 3d    2.63472E-01  1.10993E+00 15.0
    588  6  6  510   4 2s2p2(4PE) 5s    3.13529E-01  1.15999E+00 15.0
    589  6  6  510   5 2s2p2(4PE) 4d    3.14960E-01  1.16142E+00 15.0
    590  6  6  510   6 2s2p2(4PE) 6s    3.37502E-01  1.18396E+00 15.0
    591  6  6  510   7 2s2p2(4PE) 5d    3.38256E-01  1.18472E+00 15.0
    592  6  6  510   8 2s2p2(4PE) 7s    3.50365E-01  1.19683E+00 15.0
    593  6  6  510   9 2s2p2(4PE) 6d    3.50807E-01  1.19727E+00 15.0
    594  6  6  510  10 2s2p2(4PE) 8s    3.58057E-01  1.20452E+00 15.0
    595  6  6  510  11 2s2p2(4PE) 7d    3.58338E-01  1.20480E+00 15.0
    596  6  6  510  12 2s2p2(4PE) 9s    3.63021E-01  1.20948E+00 15.0
    597  6  6  510  13 2s2p2(4PE) 8d    3.63209E-01  1.20967E+00 15.0
    598  6  6  510  14 2s2p2(4PE)10s    3.66409E-01  1.21287E+00 15.0
    599  6  6  510  15 2s2p2(4PE) 9d    3.66541E-01  1.21300E+00 15.0
    600  6  6  510  16 2s2p2(4PE)11s    3.68824E-01  1.21529E+00 15.0
    601  6  6  510  17 2s2p2(4PE)10d    3.68920E-01  1.21538E+00 15.0
    602  6  6  511   1 2s2p2(4PE) 3p    1.86789E-01  1.03325E+00 15.0
    603  6  6  511   2 2s2p2(4PE) 4p    2.88206E-01  1.13467E+00 15.0
    604  6  6  511   3 2s2p2(4PE) 5p    3.25684E-01  1.17215E+00 15.0
    605  6  6  511   4 2s2p2(4PE) 6p    3.43886E-01  1.19035E+00 15.0
    606  6  6  511   5 2s2p2(4PE) 7p    3.54121E-01  1.20058E+00 15.0
    607  6  6  511   6 2s2p2(4PE) 8p    3.60450E-01  1.20691E+00 15.0
    608  6  6  511   7 2s2p2(4PE) 9p    3.64638E-01  1.21110E+00 15.0
    609  6  6  511   8 2s2p2(4PE)10p    3.67552E-01  1.21401E+00 15.0
    610  6  6  520   1 2s2p2(4PE) 3d    2.66736E-01  1.11320E+00 25.0
    611  6  6  520   2 2s2p2(4PE) 4d    3.15418E-01  1.16188E+00 25.0
    612  6  6  520   3 2s2p2(4PE) 5d    3.38349E-01  1.18481E+00 25.0
    613  6  6  520   4 2s2p2(4PE) 6d    3.50820E-01  1.19728E+00 25.0
    614  6  6  520   5 2s2p2(4PE) 7d    3.58330E-01  1.20479E+00 25.0
    615  6  6  520   6 2s2p2(4PE) 8d    3.63198E-01  1.20966E+00 25.0
    616  6  6  520   7 2s2p2(4PE) 9d    3.66530E-01  1.21299E+00 25.0
    617  6  6  520   8 2s2p2(4PE)10d    3.68910E-01  1.21537E+00 25.0
    618  6  6  521   1 2s2p2(4PE) 3p    1.77785E-01  1.02425E+00 25.0
    619  6  6  521   2 2s2p2(4PE) 4p    2.85975E-01  1.13244E+00 25.0
    620  6  6  521   3 2s2p2(4PE) 4f    3.16190E-01  1.16265E+00 25.0
    621  6  6  521   4 2s2p2(4PE) 5p    3.24751E-01  1.17121E+00 25.0
    622  6  6  521   5 2s2p2(4PE) 5f    3.38826E-01  1.18529E+00 25.0
    623  6  6  521   6 2s2p2(4PE) 6p    3.43404E-01  1.18986E+00 25.0
    624  6  6  521   7 2s2p2(4PE) 6f    3.51122E-01  1.19758E+00 25.0
    625  6  6  521   8 2s2p2(4PE) 7p    3.53839E-01  1.20030E+00 25.0
    626  6  6  521   9 2s2p2(4PE) 7f    3.58531E-01  1.20499E+00 25.0
    627  6  6  521  10 2s2p2(4PE) 8p    3.60271E-01  1.20673E+00 25.0
    628  6  6  521  11 2s2p2(4PE) 8f    3.63336E-01  1.20980E+00 25.0
    629  6  6  521  12 2s2p2(4PE) 9p    3.64516E-01  1.21098E+00 25.0
    630  6  6  521  13 2s2p2(4PE) 9f    3.66629E-01  1.21309E+00 25.0
    631  6  6  521  14 2s2p2(4PE)10p    3.67465E-01  1.21393E+00 25.0
    632  6  6  521  15 2s2p2(4PE)10f    3.68984E-01  1.21545E+00 25.0
    633  6  6  530   1 2s2p2(4PE) 3d    2.61953E-01  1.10841E+00 35.0
    634  6  6  530   2 2s2p2(4PE) 4d    3.13532E-01  1.15999E+00 35.0
    635  6  6  530   3 2s2p2(4PE) 5d    3.37387E-01  1.18385E+00 35.0
    636  6  6  530   4 2s2p2(4PE) 5g    3.38986E-01  1.18545E+00 35.0
    637  6  6  530   5 2s2p2(4PE) 6d    3.50265E-01  1.19673E+00 35.0
    638  6  6  530   6 2s2p2(4PE) 6g    3.51210E-01  1.19767E+00 35.0
    639  6  6  530   7 2s2p2(4PE) 7d    3.57982E-01  1.20444E+00 35.0
    640  6  6  530   8 2s2p2(4PE) 7g    3.58585E-01  1.20505E+00 35.0
    641  6  6  530   9 2s2p2(4PE) 8d    3.62966E-01  1.20943E+00 35.0
    642  6  6  530  10 2s2p2(4PE) 8g    3.63372E-01  1.20983E+00 35.0
    643  6  6  530  11 2s2p2(4PE) 9d    3.66368E-01  1.21283E+00 35.0
    644  6  6  530  12 2s2p2(4PE) 9g    3.66654E-01  1.21311E+00 35.0
    645  6  6  530  13 2s2p2(4PE)10d    3.68792E-01  1.21525E+00 35.0
    646  6  6  530  14 2s2p2(4PE)10g    3.69002E-01  1.21546E+00 35.0
    647  6  6  531   1 2s2p2(4PE) 4f    3.16827E-01  1.16329E+00 35.0
    648  6  6  531   2 2s2p2(4PE) 5f    3.39185E-01  1.18565E+00 35.0
    649  6  6  531   3 2s2p2(4PE) 6f    3.51334E-01  1.19780E+00 35.0
    650  6  6  531   4 2s2p2(4PE) 7f    3.58665E-01  1.20513E+00 35.0
    651  6  6  531   5 2s2p2(4PE) 8f    3.63427E-01  1.20989E+00 35.0
    652  6  6  531   6 2s2p2(4PE) 9f    3.66693E-01  1.21315E+00 35.0
    653  6  6  540   1 2s2p2(4PE) 5g    3.39037E-01  1.18550E+00 45.0
    654  6  6  540   2 2s2p2(4PE) 6g    3.51255E-01  1.19772E+00 45.0
    655  6  6  540   3 2s2p2(4PE) 7g    3.58619E-01  1.20508E+00 45.0
    656  6  6  540   4 2s2p2(4PE) 8g    3.63397E-01  1.20986E+00 45.0
    657  6  6  540   5 2s2p2(4PE) 9g    3.66673E-01  1.21313E+00 45.0
    658  6  6  541   1 2s2p2(4PE) 4f    3.16349E-01  1.16281E+00 45.0
    659  6  6  541   2 2s2p2(4PE) 5f    3.38914E-01  1.18537E+00 45.0
    660  6  6  541   3 2s2p2(4PE) 6f    3.51171E-01  1.19763E+00 45.0
    661  6  6  541   4 2s2p2(4PE) 6h    3.51232E-01  1.19769E+00 45.0
    662  6  6  541   5 2s2p2(4PE) 7f    3.58561E-01  1.20502E+00 45.0
    663  6  6  541   6 2s2p2(4PE) 7h    3.58602E-01  1.20506E+00 45.0
    664  6  6  541   7 2s2p2(4PE) 8f    3.63356E-01  1.20982E+00 45.0
    665  6  6  541   8 2s2p2(4PE) 8h    3.63384E-01  1.20985E+00 45.0
    666  6  6  541   9 2s2p2(4PE) 9f    3.66643E-01  1.21310E+00 45.0
    667  6  6  541  10 2s2p2(4PE) 9h    3.66664E-01  1.21312E+00 45.0
    668  6  6  541  11 2s2p2(4PE)10f    3.68994E-01  1.21546E+00 45.0
    669  6  6  550   1 2s2p2(4PE) 5g    3.38996E-01  1.18546E+00 55.0
    670  6  6  550   2 2s2p2(4PE) 6g    3.51219E-01  1.19768E+00 55.0
    671  6  6  550   3 2s2p2(4PE) 7g    3.58600E-01  1.20506E+00 55.0
    672  6  6  550   4 2s2p2(4PE) 7i    3.58600E-01  1.20506E+00 55.0
    673  6  6  550   5 2s2p2(4PE) 8g    3.63383E-01  1.20984E+00 55.0
    674  6  6  550   6 2s2p2(4PE) 8i    3.63383E-01  1.20984E+00 55.0
    675  6  6  550   7 2s2p2(4PE) 9g    3.66663E-01  1.21312E+00 55.0
    676  6  6  550   8 2s2p2(4PE) 9i    3.66663E-01  1.21312E+00 55.0
    677  6  6  550   9 2s2p2(4PE)10g    3.69008E-01  1.21547E+00 55.0
    678  6  6  551   1 2s2p2(4PE) 6h    3.51232E-01  1.19769E+00 55.0
    679  6  6  551   2 2s2p2(4PE) 7h    3.58602E-01  1.20506E+00 55.0
    680  6  6  551   3 2s2p2(4PE) 8h    3.63385E-01  1.20985E+00 55.0
    681  6  6  551   4 2s2p2(4PE) 9h    3.66664E-01  1.21312E+00 55.0
 ====================================================================
