 ====================================================================
      i NZ NE iSLP iLV iCONF                 E(RYD)      TE(RYD)   gi
 ====================================================================
      1 20 18  100   1 3s2 3p6         -3.68369E+00  0.00000E+00  1.0
      2 20 18  100   2 3s2 3p5 4p      -1.06854E+00  2.61515E+00  1.0
      3 20 18  100   3 3s2 3p5 5p      -5.82007E-01  3.10168E+00  1.0
      4 20 18  100   4 3s2 3p5 6p      -3.69359E-01  3.31433E+00  1.0
      5 20 18  100   5 3s2 3p5 7p      -2.55622E-01  3.42807E+00  1.0
      6 20 18  100   6 3s2 3p5 8p      -1.87580E-01  3.49611E+00  1.0
      7 20 18  100   7 3s2 3p5 9p      -1.43655E-01  3.54004E+00  1.0
      8 20 18  100   8 3s2 3p510p      -1.13692E-01  3.57000E+00  1.0
      9 20 18  100   9 3s2 3p511p      -9.24029E-02  3.59129E+00  1.0
     10 20 18  110   1 3s2 3p5 4p      -1.15187E+00  2.53182E+00  3.0
     11 20 18  110   2 3s2 3p5 5p      -6.16225E-01  3.06747E+00  3.0
     12 20 18  110   3 3s2 3p5 6p      -3.85268E-01  3.29842E+00  3.0
     13 20 18  110   4 3s2 3p5 7p      -2.63978E-01  3.41971E+00  3.0
     14 20 18  110   5 3s2 3p5 8p      -1.92240E-01  3.49145E+00  3.0
     15 20 18  110   6 3s2 3p5 9p      -1.46262E-01  3.53743E+00  3.0
     16 20 18  110   7 3s2 3p510p      -1.15021E-01  3.56867E+00  3.0
     17 20 18  110   8 3s2 3p511p      -9.28247E-02  3.59087E+00  3.0
     18 20 18  111   1 3s2 3p5 4s      -1.44581E+00  2.23788E+00  3.0
     19 20 18  111   2 3s2 3p5 3d      -1.08803E+00  2.59566E+00  3.0
     20 20 18  111   3 3s2 3p5 5s      -7.26833E-01  2.95686E+00  3.0
     21 20 18  111   4 3s2 3p5 4d      -6.28524E-01  3.05517E+00  3.0
     22 20 18  111   5 3s2 3p5 6s      -4.39072E-01  3.24462E+00  3.0
     23 20 18  111   6 3s2 3p5 5d      -4.01135E-01  3.28256E+00  3.0
     24 20 18  111   7 3s2 3p5 7s      -2.94128E-01  3.38956E+00  3.0
     25 20 18  111   8 3s2 3p5 6d      -2.75797E-01  3.40789E+00  3.0
     26 20 18  111   9 3s2 3p5 8s      -2.10809E-01  3.47288E+00  3.0
     27 20 18  111  10 3s2 3p5 7d      -2.00579E-01  3.48311E+00  3.0
     28 20 18  111  11 3s2 3p5 9s      -1.58499E-01  3.52519E+00  3.0
     29 20 18  111  12 3s2 3p5 8d      -1.52205E-01  3.53149E+00  3.0
     30 20 18  111  13 3s2 3p510s      -1.23508E-01  3.56018E+00  3.0
     31 20 18  111  14 3s2 3p5 9d      -1.19354E-01  3.56434E+00  3.0
     32 20 18  111  15 3s2 3p511s      -9.89497E-02  3.58474E+00  3.0
     33 20 18  111  16 3s2 3p510d      -9.60612E-02  3.58763E+00  3.0
     34 20 18  120   1 3s2 3p5 4p      -1.16647E+00  2.51722E+00  5.0
     35 20 18  120   2 3s2 3p5 5p      -6.19907E-01  3.06378E+00  5.0
     36 20 18  120   3 3s2 3p5 4f      -5.67551E-01  3.11614E+00  5.0
     37 20 18  120   4 3s2 3p5 6p      -3.87038E-01  3.29665E+00  5.0
     38 20 18  120   5 3s2 3p5 5f      -3.62736E-01  3.32095E+00  5.0
     39 20 18  120   6 3s2 3p5 7p      -2.64968E-01  3.41872E+00  5.0
     40 20 18  120   7 3s2 3p5 6f      -2.51648E-01  3.43204E+00  5.0
     41 20 18  120   8 3s2 3p5 8p      -1.92849E-01  3.49084E+00  5.0
     42 20 18  120   9 3s2 3p5 7f      -1.84746E-01  3.49894E+00  5.0
     43 20 18  120  10 3s2 3p5 9p      -1.46664E-01  3.53703E+00  5.0
     44 20 18  120  11 3s2 3p5 8f      -1.41362E-01  3.54233E+00  5.0
     45 20 18  120  12 3s2 3p510p      -1.15300E-01  3.56839E+00  5.0
     46 20 18  120  13 3s2 3p5 9f      -1.11639E-01  3.57205E+00  5.0
     47 20 18  120  14 3s2 3p511p      -9.30264E-02  3.59066E+00  5.0
     48 20 18  120  15 3s2 3p510f      -9.03904E-02  3.59330E+00  5.0
     49 20 18  121   1 3s2 3p5 3d      -1.57129E+00  2.11240E+00  5.0
     50 20 18  121   2 3s2 3p5 4d      -7.42726E-01  2.94096E+00  5.0
     51 20 18  121   3 3s2 3p5 5d      -4.46281E-01  3.23741E+00  5.0
     52 20 18  121   4 3s2 3p5 6d      -2.98056E-01  3.38563E+00  5.0
     53 20 18  121   5 3s2 3p5 7d      -2.13186E-01  3.47050E+00  5.0
     54 20 18  121   6 3s2 3p5 8d      -1.60048E-01  3.52364E+00  5.0
     55 20 18  121   7 3s2 3p5 9d      -1.24573E-01  3.55912E+00  5.0
     56 20 18  121   8 3s2 3p510d      -9.97131E-02  3.58398E+00  5.0
     57 20 18  130   1 3s2 3p5 4f      -5.59931E-01  3.12376E+00  7.0
     58 20 18  130   2 3s2 3p5 5f      -3.59599E-01  3.32409E+00  7.0
     59 20 18  130   3 3s2 3p5 6f      -2.50076E-01  3.43361E+00  7.0
     60 20 18  130   4 3s2 3p5 7f      -1.83836E-01  3.49985E+00  7.0
     61 20 18  130   5 3s2 3p5 8f      -1.40782E-01  3.54291E+00  7.0
     62 20 18  130   6 3s2 3p5 9f      -1.11245E-01  3.57245E+00  7.0
     63 20 18  130   7 3s2 3p510f      -9.01092E-02  3.59358E+00  7.0
     64 20 18  131   1 3s2 3p5 3d      -1.56450E+00  2.11919E+00  7.0
     65 20 18  131   2 3s2 3p5 4d      -7.48369E-01  2.93532E+00  7.0
     66 20 18  131   3 3s2 3p5 5d      -4.48561E-01  3.23513E+00  7.0
     67 20 18  131   4 3s2 3p5 5g      -3.60507E-01  3.32318E+00  7.0
     68 20 18  131   5 3s2 3p5 6d      -2.99280E-01  3.38441E+00  7.0
     69 20 18  131   6 3s2 3p5 6g      -2.50411E-01  3.43328E+00  7.0
     70 20 18  131   7 3s2 3p5 7d      -2.13933E-01  3.46976E+00  7.0
     71 20 18  131   8 3s2 3p5 7g      -1.83967E-01  3.49972E+00  7.0
     72 20 18  131   9 3s2 3p5 8d      -1.60539E-01  3.52315E+00  7.0
     73 20 18  131  10 3s2 3p5 8g      -1.40835E-01  3.54286E+00  7.0
     74 20 18  131  11 3s2 3p5 9d      -1.24913E-01  3.55878E+00  7.0
     75 20 18  131  12 3s2 3p5 9g      -1.11264E-01  3.57243E+00  7.0
     76 20 18  131  13 3s2 3p510d      -9.99584E-02  3.58373E+00  7.0
     77 20 18  131  14 3s2 3p510g      -9.01139E-02  3.59358E+00  7.0
     78 20 18  140   1 3s2 3p5 4f      -5.67475E-01  3.11621E+00  9.0
     79 20 18  140   2 3s2 3p5 5f      -3.63264E-01  3.32043E+00  9.0
     80 20 18  140   3 3s2 3p5 6f      -2.52134E-01  3.43156E+00  9.0
     81 20 18  140   4 3s2 3p5 6h      -2.50012E-01  3.43368E+00  9.0
     82 20 18  140   5 3s2 3p5 7f      -1.85110E-01  3.49858E+00  9.0
     83 20 18  140   6 3s2 3p5 7h      -1.83693E-01  3.50000E+00  9.0
     84 20 18  140   7 3s2 3p5 8f      -1.41627E-01  3.54206E+00  9.0
     85 20 18  140   8 3s2 3p5 8h      -1.40645E-01  3.54305E+00  9.0
     86 20 18  140   9 3s2 3p5 9f      -1.11834E-01  3.57186E+00  9.0
     87 20 18  140  10 3s2 3p5 9h      -1.11128E-01  3.57256E+00  9.0
     88 20 18  140  11 3s2 3p510f      -9.05369E-02  3.59315E+00  9.0
     89 20 18  140  12 3s2 3p510h      -9.00148E-02  3.59368E+00  9.0
     90 20 18  141   1 3s2 3p5 5g      -3.59344E-01  3.32435E+00  9.0
     91 20 18  141   2 3s2 3p5 6g      -2.49480E-01  3.43421E+00  9.0
     92 20 18  141   3 3s2 3p5 7g      -1.83308E-01  3.50038E+00  9.0
     93 20 18  141   4 3s2 3p5 8g      -1.40367E-01  3.54332E+00  9.0
     94 20 18  141   5 3s2 3p5 9g      -1.10925E-01  3.57277E+00  9.0
     95 20 18  150   1 3s2 3p5 6h      -2.49957E-01  3.43373E+00 11.0
     96 20 18  150   2 3s2 3p5 7h      -1.83624E-01  3.50007E+00 11.0
     97 20 18  150   3 3s2 3p5 8h      -1.40581E-01  3.54311E+00 11.0
     98 20 18  150   4 3s2 3p5 9h      -1.11075E-01  3.57262E+00 11.0
     99 20 18  151   1 3s2 3p5 5g      -3.60304E-01  3.32339E+00 11.0
    100 20 18  151   2 3s2 3p5 6g      -2.50253E-01  3.43344E+00 11.0
    101 20 18  151   3 3s2 3p5 7g      -1.83862E-01  3.49983E+00 11.0
    102 20 18  151   4 3s2 3p5 7i      -1.83670E-01  3.50002E+00 11.0
    103 20 18  151   5 3s2 3p5 8g      -1.40764E-01  3.54293E+00 11.0
    104 20 18  151   6 3s2 3p5 8i      -1.40620E-01  3.54307E+00 11.0
    105 20 18  151   7 3s2 3p5 9g      -1.11215E-01  3.57247E+00 11.0
    106 20 18  151   8 3s2 3p5 9i      -1.11106E-01  3.57258E+00 11.0
    107 20 18  151   9 3s2 3p510g      -9.00789E-02  3.59361E+00 11.0
    108 20 18  300   1 3s2 3p5 4p      -1.23984E+00  2.44385E+00  3.0
    109 20 18  300   2 3s2 3p5 5p      -6.43928E-01  3.03976E+00  3.0
    110 20 18  300   3 3s2 3p5 6p      -3.98984E-01  3.28471E+00  3.0
    111 20 18  300   4 3s2 3p5 7p      -2.72060E-01  3.41163E+00  3.0
    112 20 18  300   5 3s2 3p5 8p      -1.97695E-01  3.48600E+00  3.0
    113 20 18  300   6 3s2 3p5 9p      -1.50505E-01  3.53319E+00  3.0
    114 20 18  300   7 3s2 3p510p      -1.19165E-01  3.56453E+00  3.0
    115 20 18  300   8 3s2 3p511p      -9.95946E-02  3.58410E+00  3.0
    116 20 18  310   1 3s2 3p5 4p      -1.15187E+00  2.53182E+00  9.0
    117 20 18  310   2 3s2 3p5 5p      -6.16225E-01  3.06747E+00  9.0
    118 20 18  310   3 3s2 3p5 6p      -3.85268E-01  3.29842E+00  9.0
    119 20 18  310   4 3s2 3p5 7p      -2.63978E-01  3.41971E+00  9.0
    120 20 18  310   5 3s2 3p5 8p      -1.92240E-01  3.49145E+00  9.0
    121 20 18  310   6 3s2 3p5 9p      -1.46262E-01  3.53743E+00  9.0
    122 20 18  310   7 3s2 3p510p      -1.15021E-01  3.56867E+00  9.0
    123 20 18  310   8 3s2 3p511p      -9.28247E-02  3.59087E+00  9.0
    124 20 18  311   1 3s2 3p5 3d      -1.80687E+00  1.87682E+00  9.0
    125 20 18  311   2 3s2 3p5 4s      -1.47983E+00  2.20386E+00  9.0
    126 20 18  311   3 3s2 3p5 4d      -7.82358E-01  2.90133E+00  9.0
    127 20 18  311   4 3s2 3p5 5s      -7.36687E-01  2.94700E+00  9.0
    128 20 18  311   5 3s2 3p5 5d      -4.62429E-01  3.22126E+00  9.0
    129 20 18  311   6 3s2 3p5 6s      -4.43223E-01  3.24047E+00  9.0
    130 20 18  311   7 3s2 3p5 6d      -3.06631E-01  3.37706E+00  9.0
    131 20 18  311   8 3s2 3p5 7s      -2.96280E-01  3.38741E+00  9.0
    132 20 18  311   9 3s2 3p5 7d      -2.18350E-01  3.46534E+00  9.0
    133 20 18  311  10 3s2 3p5 8s      -2.12073E-01  3.47162E+00  9.0
    134 20 18  311  11 3s2 3p5 8d      -1.63413E-01  3.52028E+00  9.0
    135 20 18  311  12 3s2 3p5 9s      -1.59308E-01  3.52438E+00  9.0
    136 20 18  311  13 3s2 3p5 9d      -1.26892E-01  3.55680E+00  9.0
    137 20 18  311  14 3s2 3p510s      -1.24057E-01  3.55963E+00  9.0
    138 20 18  311  15 3s2 3p510d      -1.01381E-01  3.58231E+00  9.0
    139 20 18  311  16 3s2 3p511s      -9.93402E-02  3.58435E+00  9.0
    140 20 18  320   1 3s2 3p5 4p      -1.18601E+00  2.49768E+00 15.0
    141 20 18  320   2 3s2 3p5 5p      -6.27038E-01  3.05665E+00 15.0
    142 20 18  320   3 3s2 3p5 4f      -5.73531E-01  3.11016E+00 15.0
    143 20 18  320   4 3s2 3p5 6p      -3.90479E-01  3.29321E+00 15.0
    144 20 18  320   5 3s2 3p5 5f      -3.68141E-01  3.31555E+00 15.0
    145 20 18  320   6 3s2 3p5 7p      -2.66896E-01  3.41679E+00 15.0
    146 20 18  320   7 3s2 3p5 6f      -2.56053E-01  3.42764E+00 15.0
    147 20 18  320   8 3s2 3p5 8p      -1.94038E-01  3.48965E+00 15.0
    148 20 18  320   9 3s2 3p5 7f      -1.88338E-01  3.49535E+00 15.0
    149 20 18  320  10 3s2 3p5 9p      -1.47449E-01  3.53624E+00 15.0
    150 20 18  320  11 3s2 3p5 8f      -1.44337E-01  3.53935E+00 15.0
    151 20 18  320  12 3s2 3p510p      -1.15846E-01  3.56784E+00 15.0
    152 20 18  320  13 3s2 3p5 9f      -1.14142E-01  3.56955E+00 15.0
    153 20 18  320  14 3s2 3p511p      -9.34209E-02  3.59027E+00 15.0
    154 20 18  320  15 3s2 3p510f      -9.25232E-02  3.59117E+00 15.0
    155 20 18  321   1 3s2 3p5 3d      -1.57129E+00  2.11240E+00 15.0
    156 20 18  321   2 3s2 3p5 4d      -7.42726E-01  2.94096E+00 15.0
    157 20 18  321   3 3s2 3p5 5d      -4.46281E-01  3.23741E+00 15.0
    158 20 18  321   4 3s2 3p5 6d      -2.98056E-01  3.38563E+00 15.0
    159 20 18  321   5 3s2 3p5 7d      -2.13186E-01  3.47050E+00 15.0
    160 20 18  321   6 3s2 3p5 8d      -1.60048E-01  3.52364E+00 15.0
    161 20 18  321   7 3s2 3p5 9d      -1.24573E-01  3.55912E+00 15.0
    162 20 18  321   8 3s2 3p510d      -9.97131E-02  3.58398E+00 15.0
    163 20 18  330   1 3s2 3p5 4f      -5.59931E-01  3.12376E+00 21.0
    164 20 18  330   2 3s2 3p5 5f      -3.59599E-01  3.32409E+00 21.0
    165 20 18  330   3 3s2 3p5 6f      -2.50076E-01  3.43361E+00 21.0
    166 20 18  330   4 3s2 3p5 7f      -1.83836E-01  3.49985E+00 21.0
    167 20 18  330   5 3s2 3p5 8f      -1.40782E-01  3.54291E+00 21.0
    168 20 18  330   6 3s2 3p5 9f      -1.11245E-01  3.57245E+00 21.0
    169 20 18  330   7 3s2 3p510f      -9.01092E-02  3.59358E+00 21.0
    170 20 18  331   1 3s2 3p5 3d      -1.72544E+00  1.95825E+00 21.0
    171 20 18  331   2 3s2 3p5 4d      -7.67629E-01  2.91606E+00 21.0
    172 20 18  331   3 3s2 3p5 5d      -4.55986E-01  3.22770E+00 21.0
    173 20 18  331   4 3s2 3p5 5g      -3.60549E-01  3.32314E+00 21.0
    174 20 18  331   5 3s2 3p5 6d      -3.03025E-01  3.38067E+00 21.0
    175 20 18  331   6 3s2 3p5 6g      -2.50454E-01  3.43324E+00 21.0
    176 20 18  331   7 3s2 3p5 7d      -2.16105E-01  3.46759E+00 21.0
    177 20 18  331   8 3s2 3p5 7g      -1.84002E-01  3.49969E+00 21.0
    178 20 18  331   9 3s2 3p5 8d      -1.61917E-01  3.52177E+00 21.0
    179 20 18  331  10 3s2 3p5 8g      -1.40862E-01  3.54283E+00 21.0
    180 20 18  331  11 3s2 3p5 9d      -1.25843E-01  3.55785E+00 21.0
    181 20 18  331  12 3s2 3p5 9g      -1.11285E-01  3.57241E+00 21.0
    182 20 18  331  13 3s2 3p510d      -1.00617E-01  3.58307E+00 21.0
    183 20 18  331  14 3s2 3p510g      -9.01302E-02  3.59356E+00 21.0
    184 20 18  340   1 3s2 3p5 4f      -5.68614E-01  3.11508E+00 27.0
    185 20 18  340   2 3s2 3p5 5f      -3.64127E-01  3.31956E+00 27.0
    186 20 18  340   3 3s2 3p5 6f      -2.52718E-01  3.43097E+00 27.0
    187 20 18  340   4 3s2 3p5 6h      -2.50015E-01  3.43368E+00 27.0
    188 20 18  340   5 3s2 3p5 7f      -1.85510E-01  3.49818E+00 27.0
    189 20 18  340   6 3s2 3p5 7h      -1.83695E-01  3.49999E+00 27.0
    190 20 18  340   7 3s2 3p5 8f      -1.41908E-01  3.54178E+00 27.0
    191 20 18  340   8 3s2 3p5 8h      -1.40646E-01  3.54304E+00 27.0
    192 20 18  340   9 3s2 3p5 9f      -1.12038E-01  3.57165E+00 27.0
    193 20 18  340  10 3s2 3p5 9h      -1.11130E-01  3.57256E+00 27.0
    194 20 18  340  11 3s2 3p510f      -9.06890E-02  3.59300E+00 27.0
    195 20 18  340  12 3s2 3p510h      -9.00155E-02  3.59367E+00 27.0
    196 20 18  341   1 3s2 3p5 5g      -3.59344E-01  3.32435E+00 27.0
    197 20 18  341   2 3s2 3p5 6g      -2.49480E-01  3.43421E+00 27.0
    198 20 18  341   3 3s2 3p5 7g      -1.83308E-01  3.50038E+00 27.0
    199 20 18  341   4 3s2 3p5 8g      -1.40367E-01  3.54332E+00 27.0
    200 20 18  341   5 3s2 3p5 9g      -1.10925E-01  3.57277E+00 27.0
    201 20 18  350   1 3s2 3p5 6h      -2.49957E-01  3.43373E+00 33.0
    202 20 18  350   2 3s2 3p5 7h      -1.83624E-01  3.50007E+00 33.0
    203 20 18  350   3 3s2 3p5 8h      -1.40581E-01  3.54311E+00 33.0
    204 20 18  350   4 3s2 3p5 9h      -1.11075E-01  3.57262E+00 33.0
    205 20 18  351   1 3s2 3p5 5g      -3.60318E-01  3.32337E+00 33.0
    206 20 18  351   2 3s2 3p5 6g      -2.50267E-01  3.43342E+00 33.0
    207 20 18  351   3 3s2 3p5 7g      -1.83873E-01  3.49982E+00 33.0
    208 20 18  351   4 3s2 3p5 7i      -1.83670E-01  3.50002E+00 33.0
    209 20 18  351   5 3s2 3p5 8g      -1.40773E-01  3.54292E+00 33.0
    210 20 18  351   6 3s2 3p5 8i      -1.40620E-01  3.54307E+00 33.0
    211 20 18  351   7 3s2 3p5 9g      -1.11222E-01  3.57247E+00 33.0
    212 20 18  351   8 3s2 3p5 9i      -1.11106E-01  3.57258E+00 33.0
    213 20 18  351   9 3s2 3p510g      -9.00840E-02  3.59361E+00 33.0
    214 20 19  200   1 3p6 4s          -8.61523E-01  0.00000E+00  2.0
    215 20 19  200   2 3p6 5s          -3.90024E-01  4.71499E-01  2.0
    216 20 19  200   3 3p6 6s          -2.25234E-01  6.36289E-01  2.0
    217 20 19  200   4 3p6 7s          -1.46835E-01  7.14688E-01  2.0
    218 20 19  200   5 3p6 8s          -1.03316E-01  7.58207E-01  2.0
    219 20 19  200   6 3p6 9s          -7.66494E-02  7.84874E-01  2.0
    220 20 19  200   7 3p610s          -5.91263E-02  8.02397E-01  2.0
    221 20 19  200   8 3p611s          -4.69948E-02  8.14528E-01  2.0
    222 20 19  211   1 3p6 4p          -6.25112E-01  2.36411E-01  6.0
    223 20 19  211   2 3p6 5p          -3.15213E-01  5.46310E-01  6.0
    224 20 19  211   3 3p6 6p          -1.91140E-01  6.70383E-01  6.0
    225 20 19  211   4 3p6 7p          -1.28441E-01  7.33082E-01  6.0
    226 20 19  211   5 3p6 8p          -9.22743E-02  7.69249E-01  6.0
    227 20 19  211   6 3p6 9p          -6.95054E-02  7.92018E-01  6.0
    228 20 19  211   7 3p610p          -5.42401E-02  8.07283E-01  6.0
    229 20 19  211   8 3p611p          -4.35064E-02  8.18017E-01  6.0
    230 20 19  220   1 3p6 3d          -6.91348E-01  1.70175E-01 10.0
    231 20 19  220   2 3p6 4d          -3.43302E-01  5.18221E-01 10.0
    232 20 19  220   3 3p6 5d          -2.05286E-01  6.56237E-01 10.0
    233 20 19  220   4 3p6 6d          -1.36439E-01  7.25084E-01 10.0
    234 20 19  220   5 3p6 7d          -9.72094E-02  7.64314E-01 10.0
    235 20 19  220   6 3p6 8d          -7.27546E-02  7.88768E-01 10.0
    236 20 19  220   7 3p6 9d          -5.64889E-02  8.05034E-01 10.0
    237 20 19  220   8 3p610d          -4.51257E-02  8.16397E-01 10.0
    238 20 19  231   1 3p6 4f          -2.50537E-01  6.10986E-01 14.0
    239 20 19  231   2 3p6 5f          -1.60437E-01  7.01086E-01 14.0
    240 20 19  231   3 3p6 6f          -1.11419E-01  7.50104E-01 14.0
    241 20 19  231   4 3p6 7f          -8.18486E-02  7.79674E-01 14.0
    242 20 19  231   5 3p6 8f          -6.26543E-02  7.98869E-01 14.0
    243 20 19  231   6 3p6 9f          -4.94958E-02  8.12027E-01 14.0
    244 20 19  231   7 3p610f          -4.00850E-02  8.21438E-01 14.0
    245 20 19  240   1 3p6 5g          -1.60002E-01  7.01521E-01 18.0
    246 20 19  240   2 3p6 6g          -1.11113E-01  7.50410E-01 18.0
    247 20 19  240   3 3p6 7g          -8.16346E-02  7.79888E-01 18.0
    248 20 19  240   4 3p6 8g          -6.25016E-02  7.99021E-01 18.0
    249 20 19  240   5 3p6 9g          -4.93840E-02  8.12139E-01 18.0
    250 20 19  240   6 3p610g          -4.00010E-02  8.21522E-01 18.0
    251 20 19  251   1 3p6 6h          -1.11111E-01  7.50412E-01 22.0
    252 20 19  251   2 3p6 7h          -8.16327E-02  7.79890E-01 22.0
    253 20 19  251   3 3p6 8h          -6.25000E-02  7.99023E-01 22.0
    254 20 19  251   4 3p6 9h          -4.93827E-02  8.12140E-01 22.0
    255 20 19  251   5 3p610h          -4.00000E-02  8.21523E-01 22.0
    256 20 20  100   1 3p6 4s2         -4.32816E-01  0.00000E+00  1.0
    257 20 20  100   2 3p6 4s 5s       -1.41103E-01  2.91713E-01  1.0
    258 20 20  100   3 3p6 4s 6s       -7.40166E-02  3.58799E-01  1.0
    259 20 20  100   4 3p6 4p2         -6.12184E-02  3.71598E-01  1.0
    260 20 20  100   5 3p6 4s 7s       -4.51602E-02  3.87656E-01  1.0
    261 20 20  100   6 3p6 4s 8s       -3.07400E-02  4.02076E-01  1.0
    262 20 20  100   7 3p6 4s 9s       -2.22517E-02  4.10564E-01  1.0
    263 20 20  100   8 3p6 4s10s       -1.68486E-02  4.15967E-01  1.0
    264 20 20  100   9 3p6 4s11s       -1.31990E-02  4.19617E-01  1.0
    265 20 20  100  10 3p6 4s12s       -1.06186E-02  4.22197E-01  1.0
    266 20 20  110   1 3p6 3d 4d        2.22966E-02  4.55113E-01  3.0
    267 20 20  110   2 3p6 3d 5d        6.64325E-02  4.99249E-01  3.0
    268 20 20  110   3 3p6 3d 6d        8.69035E-02  5.19719E-01  3.0
    269 20 20  110   4 3p6 3d 7d        9.81207E-02  5.30937E-01  3.0
    270 20 20  110   5 3p6 3d 8d        1.04915E-01  5.37731E-01  3.0
    271 20 20  110   6 3p6 3d 9d        1.09280E-01  5.42096E-01  3.0
    272 20 20  110   7 3p6 3d10d        1.12114E-01  5.44930E-01  3.0
    273 20 20  110   8 3p6 3d11d        1.13976E-01  5.46792E-01  3.0
    274 20 20  111   1 3p6 4s 4p       -2.23133E-01  2.09683E-01  3.0
    275 20 20  111   2 3p6 3d 4p       -1.09098E-01  3.23718E-01  3.0
    276 20 20  111   3 3p6 4s 5p       -6.37551E-02  3.69061E-01  3.0
    277 20 20  111   4 3p6 4s 6p       -4.20874E-02  3.90729E-01  3.0
    278 20 20  111   5 3p6 4s 7p       -3.01839E-02  4.02632E-01  3.0
    279 20 20  111   6 3p6 4s 8p       -2.28234E-02  4.09993E-01  3.0
    280 20 20  111   7 3p6 4s 9p       -1.77764E-02  4.15040E-01  3.0
    281 20 20  111   8 3p6 4s10p       -1.41160E-02  4.18700E-01  3.0
    282 20 20  111   9 3p6 4s11p       -1.14083E-02  4.21408E-01  3.0
    283 20 20  120   1 3p6 4s 3d       -2.23288E-01  2.09528E-01  5.0
    284 20 20  120   2 3p6 4s 4d       -9.99767E-02  3.32839E-01  5.0
    285 20 20  120   3 3p6 4p2         -6.67355E-02  3.66080E-01  5.0
    286 20 20  120   4 3p6 4s 5d       -5.46281E-02  3.78188E-01  5.0
    287 20 20  120   5 3p6 4s 6d       -3.72571E-02  3.95559E-01  5.0
    288 20 20  120   6 3p6 4s 7d       -2.66857E-02  4.06130E-01  5.0
    289 20 20  120   7 3p6 4s 8d       -2.01228E-02  4.12693E-01  5.0
    290 20 20  120   8 3p6 4s 9d       -1.57920E-02  4.17024E-01  5.0
    291 20 20  120   9 3p6 4s10d       -1.27622E-02  4.20054E-01  5.0
    292 20 20  120  10 3p6 4s11d       -1.05198E-02  4.22296E-01  5.0
    293 20 20  121   1 3p6 3d 4p       -9.23307E-02  3.40485E-01  5.0
    294 20 20  121   2 3p6 3d 5p        2.25508E-02  4.55367E-01  5.0
    295 20 20  121   3 3p6 3d 4f        6.08277E-02  4.93644E-01  5.0
    296 20 20  121   4 3p6 3d 6p        6.65262E-02  4.99342E-01  5.0
    297 20 20  121   5 3p6 3d 5f        8.35166E-02  5.16333E-01  5.0
    298 20 20  121   6 3p6 3d 7p        8.70401E-02  5.19856E-01  5.0
    299 20 20  121   7 3p6 3d 6f        9.59776E-02  5.28794E-01  5.0
    300 20 20  121   8 3p6 3d 8p        9.83192E-02  5.31135E-01  5.0
    301 20 20  121   9 3p6 3d 7f        1.03533E-01  5.36349E-01  5.0
    302 20 20  121  10 3p6 3d 9p        1.05191E-01  5.38007E-01  5.0
    303 20 20  121  11 3p6 3d 8f        1.08456E-01  5.41272E-01  5.0
    304 20 20  121  12 3p6 3d10p        1.09689E-01  5.42505E-01  5.0
    305 20 20  121  13 3p6 3d 9f        1.11843E-01  5.44659E-01  5.0
    306 20 20  121  14 3p6 3d11p        1.12794E-01  5.45610E-01  5.0
    307 20 20  121  15 3p6 3d10f        1.14274E-01  5.47090E-01  5.0
    308 20 20  130   1 3p6 3d 4d        2.13337E-02  4.54150E-01  7.0
    309 20 20  130   2 3p6 3d 5d        6.65503E-02  4.99366E-01  7.0
    310 20 20  130   3 3p6 3d 5g        8.46772E-02  5.17493E-01  7.0
    311 20 20  130   4 3p6 3d 6d        8.71432E-02  5.19959E-01  7.0
    312 20 20  130   5 3p6 3d 6g        9.68956E-02  5.29712E-01  7.0
    313 20 20  130   6 3p6 3d 7d        9.84073E-02  5.31223E-01  7.0
    314 20 20  130   7 3p6 3d 7g        1.04272E-01  5.37088E-01  7.0
    315 20 20  130   8 3p6 3d 8d        1.05259E-01  5.38075E-01  7.0
    316 20 20  130   9 3p6 3d 8g        1.09063E-01  5.41879E-01  7.0
    317 20 20  130  10 3p6 3d 9d        1.09741E-01  5.42557E-01  7.0
    318 20 20  130  11 3p6 3d 9g        1.12350E-01  5.45166E-01  7.0
    319 20 20  130  12 3p6 3d10d        1.12834E-01  5.45650E-01  7.0
    320 20 20  130  13 3p6 3d10g        1.14701E-01  5.47517E-01  7.0
    321 20 20  131   1 3p6 4s 4f       -6.67192E-02  3.66097E-01  7.0
    322 20 20  131   2 3p6 3d 4p       -4.93851E-02  3.83431E-01  7.0
    323 20 20  131   3 3p6 4s 5f       -3.91489E-02  3.93667E-01  7.0
    324 20 20  131   4 3p6 4s 6f       -2.80405E-02  4.04776E-01  7.0
    325 20 20  131   5 3p6 4s 7f       -2.07139E-02  4.12102E-01  7.0
    326 20 20  131   6 3p6 4s 8f       -1.58761E-02  4.16940E-01  7.0
    327 20 20  131   7 3p6 4s 9f       -1.25416E-02  4.20274E-01  7.0
    328 20 20  131   8 3p6 4s10f       -1.01524E-02  4.22664E-01  7.0
    329 20 20  140   1 3p6 4s 5g       -4.01072E-02  3.92709E-01  9.0
    330 20 20  140   2 3p6 4s 6g       -2.78835E-02  4.04932E-01  9.0
    331 20 20  140   3 3p6 4s 7g       -2.04939E-02  4.12322E-01  9.0
    332 20 20  140   4 3p6 4s 8g       -1.56965E-02  4.17120E-01  9.0
    333 20 20  140   5 3p6 3d2         -1.40929E-02  4.18723E-01  9.0
    334 20 20  140   6 3p6 4s 9g       -1.23882E-02  4.20428E-01  9.0
    335 20 20  140   7 3p6 4s10g       -1.00354E-02  4.22781E-01  9.0
    336 20 20  141   1 3p6 3d 4f        6.12464E-02  4.94062E-01  9.0
    337 20 20  141   2 3p6 3d 5f        8.41185E-02  5.16935E-01  9.0
    338 20 20  141   3 3p6 3d 6f        9.65723E-02  5.29388E-01  9.0
    339 20 20  141   4 3p6 3d 6h        9.69436E-02  5.29760E-01  9.0
    340 20 20  141   5 3p6 3d 7f        1.04072E-01  5.36888E-01  9.0
    341 20 20  141   6 3p6 3d 7h        1.04313E-01  5.37129E-01  9.0
    342 20 20  141   7 3p6 3d 8f        1.08932E-01  5.41748E-01  9.0
    343 20 20  141   8 3p6 3d 8h        1.09096E-01  5.41912E-01  9.0
    344 20 20  141   9 3p6 3d 9f        1.12260E-01  5.45076E-01  9.0
    345 20 20  141  10 3p6 3d 9h        1.12375E-01  5.45191E-01  9.0
    346 20 20  141  11 3p6 3d10f        1.14636E-01  5.47452E-01  9.0
    347 20 20  141  12 3p6 3d10h        1.14721E-01  5.47537E-01  9.0
    348 20 20  150   1 3p6 3d 5g        8.46709E-02  5.17487E-01 11.0
    349 20 20  150   2 3p6 3d 6g        9.68968E-02  5.29713E-01 11.0
    350 20 20  150   3 3p6 3d 7g        1.04277E-01  5.37093E-01 11.0
    351 20 20  150   4 3p6 3d 8g        1.09070E-01  5.41886E-01 11.0
    352 20 20  150   5 3p6 3d 9g        1.12356E-01  5.45172E-01 11.0
    353 20 20  150   6 3p6 3d10g        1.14706E-01  5.47522E-01 11.0
    354 20 20  151   1 3p6 4s 6h       -2.77803E-02  4.05036E-01 11.0
    355 20 20  151   2 3p6 4s 7h       -2.04114E-02  4.12405E-01 11.0
    356 20 20  151   3 3p6 4s 8h       -1.56281E-02  4.17188E-01 11.0
    357 20 20  151   4 3p6 4s 9h       -1.23484E-02  4.20468E-01 11.0
    358 20 20  151   5 3p6 4s10h       -1.00023E-02  4.22814E-01 11.0
    359 20 20  300   1 3p6 4s 5s       -1.58203E-01  2.74613E-01  3.0
    360 20 20  300   2 3p6 4s 6s       -7.87426E-02  3.54073E-01  3.0
    361 20 20  300   3 3p6 4s 7s       -4.77360E-02  3.85080E-01  3.0
    362 20 20  300   4 3p6 4s 8s       -3.20838E-02  4.00732E-01  3.0
    363 20 20  300   5 3p6 4s 9s       -2.30541E-02  4.09762E-01  3.0
    364 20 20  300   6 3p6 4s10s       -1.73678E-02  4.15448E-01  3.0
    365 20 20  300   7 3p6 4s11s       -1.35546E-02  4.19261E-01  3.0
    366 20 20  300   8 3p6 4s12s       -1.08729E-02  4.21943E-01  3.0
    367 20 20  310   1 3p6 4p2         -9.97677E-02  3.33048E-01  9.0
    368 20 20  310   2 3p6 3d2          1.53285E-02  4.48144E-01  9.0
    369 20 20  310   3 3p6 3d 4d        5.74080E-02  4.90224E-01  9.0
    370 20 20  310   4 3p6 3d 5d        8.06040E-02  5.13420E-01  9.0
    371 20 20  310   5 3p6 3d 6d        9.38849E-02  5.26701E-01  9.0
    372 20 20  310   6 3p6 3d 7d        1.02032E-01  5.34848E-01  9.0
    373 20 20  310   7 3p6 3d 8d        1.07356E-01  5.40172E-01  9.0
    374 20 20  310   8 3p6 3d 9d        1.11022E-01  5.43838E-01  9.0
    375 20 20  310   9 3p6 3d10d        1.13650E-01  5.46466E-01  9.0
    376 20 20  311   1 3p6 4s 4p       -3.09168E-01  1.23648E-01  9.0
    377 20 20  311   2 3p6 4s 5p       -1.13418E-01  3.19398E-01  9.0
    378 20 20  311   3 3p6 4s 6p       -6.54222E-02  3.67394E-01  9.0
    379 20 20  311   4 3p6 3d 4p       -5.58676E-02  3.76948E-01  9.0
    380 20 20  311   5 3p6 4s 7p       -3.89710E-02  3.93845E-01  9.0
    381 20 20  311   6 3p6 4s 8p       -2.72489E-02  4.05567E-01  9.0
    382 20 20  311   7 3p6 4s 9p       -2.00799E-02  4.12736E-01  9.0
    383 20 20  311   8 3p6 4s10p       -1.54049E-02  4.17411E-01  9.0
    384 20 20  311   9 3p6 4s11p       -1.21905E-02  4.20626E-01  9.0
    385 20 20  320   1 3p6 4s 3d       -2.22220E-01  2.10596E-01 15.0
    386 20 20  320   2 3p6 4s 4d       -9.91153E-02  3.33701E-01 15.0
    387 20 20  320   3 3p6 4s 5d       -5.75258E-02  3.75290E-01 15.0
    388 20 20  320   4 3p6 4s 6d       -3.77050E-02  3.95111E-01 15.0
    389 20 20  320   5 3p6 4s 7d       -2.67209E-02  4.06095E-01 15.0
    390 20 20  320   6 3p6 4s 8d       -2.00292E-02  4.12787E-01 15.0
    391 20 20  320   7 3p6 4s 9d       -1.56857E-02  4.17130E-01 15.0
    392 20 20  320   8 3p6 4s10d       -1.27209E-02  4.20095E-01 15.0
    393 20 20  320   9 3p6 4s11d       -1.05647E-02  4.22251E-01 15.0
    394 20 20  321   1 3p6 3d 4p       -6.65942E-02  3.66222E-01 15.0
    395 20 20  321   2 3p6 3d 5p        2.74794E-02  4.60295E-01 15.0
    396 20 20  321   3 3p6 3d 4f        6.09695E-02  4.93786E-01 15.0
    397 20 20  321   4 3p6 3d 6p        6.78221E-02  5.00638E-01 15.0
    398 20 20  321   5 3p6 3d 5f        8.35540E-02  5.16370E-01 15.0
    399 20 20  321   6 3p6 3d 7p        8.75324E-02  5.20348E-01 15.0
    400 20 20  321   7 3p6 3d 6f        9.59929E-02  5.28809E-01 15.0
    401 20 20  321   8 3p6 3d 8p        9.85402E-02  5.31356E-01 15.0
    402 20 20  321   9 3p6 3d 7f        1.03553E-01  5.36369E-01 15.0
    403 20 20  321  10 3p6 3d 9p        1.05301E-01  5.38117E-01 15.0
    404 20 20  321  11 3p6 3d 8f        1.08487E-01  5.41303E-01 15.0
    405 20 20  321  12 3p6 3d10p        1.09747E-01  5.42563E-01 15.0
    406 20 20  321  13 3p6 3d 9f        1.11884E-01  5.44700E-01 15.0
    407 20 20  321  14 3p6 3d11p        1.12826E-01  5.45642E-01 15.0
    408 20 20  321  15 3p6 3d10f        1.14322E-01  5.47138E-01 15.0
    409 20 20  330   1 3p6 3d2         -2.33025E-02  4.09514E-01 21.0
    410 20 20  330   2 3p6 3d 4d        4.94968E-02  4.82313E-01 21.0
    411 20 20  330   3 3p6 3d 5d        7.85075E-02  5.11324E-01 21.0
    412 20 20  330   4 3p6 3d 5g        8.46775E-02  5.17493E-01 21.0
    413 20 20  330   5 3p6 3d 6d        9.34372E-02  5.26253E-01 21.0
    414 20 20  330   6 3p6 3d 6g        9.68959E-02  5.29712E-01 21.0
    415 20 20  330   7 3p6 3d 7d        1.02140E-01  5.34956E-01 21.0
    416 20 20  330   8 3p6 3d 7g        1.04272E-01  5.37088E-01 21.0
    417 20 20  330   9 3p6 3d 8d        1.07657E-01  5.40473E-01 21.0
    418 20 20  330  10 3p6 3d 8g        1.09064E-01  5.41880E-01 21.0
    419 20 20  330  11 3p6 3d 9d        1.11374E-01  5.44190E-01 21.0
    420 20 20  330  12 3p6 3d 9g        1.12350E-01  5.45166E-01 21.0
    421 20 20  330  13 3p6 3d10d        1.13996E-01  5.46812E-01 21.0
    422 20 20  330  14 3p6 3d10g        1.14701E-01  5.47517E-01 21.0
    423 20 20  331   1 3p6 3d 4p       -9.79637E-02  3.34852E-01 21.0
    424 20 20  331   2 3p6 4s 4f       -6.42516E-02  3.68564E-01 21.0
    425 20 20  331   3 3p6 4s 5f       -4.12256E-02  3.91590E-01 21.0
    426 20 20  331   4 3p6 4s 6f       -2.85610E-02  4.04255E-01 21.0
    427 20 20  331   5 3p6 4s 7f       -2.09261E-02  4.11890E-01 21.0
    428 20 20  331   6 3p6 4s 8f       -1.59823E-02  4.16834E-01 21.0
    429 20 20  331   7 3p6 4s 9f       -1.26016E-02  4.20214E-01 21.0
    430 20 20  331   8 3p6 4s10f       -1.01892E-02  4.22627E-01 21.0
    431 20 20  340   1 3p6 4s 5g       -4.01067E-02  3.92709E-01 27.0
    432 20 20  340   2 3p6 4s 6g       -2.78823E-02  4.04934E-01 27.0
    433 20 20  340   3 3p6 4s 7g       -2.04916E-02  4.12324E-01 27.0
    434 20 20  340   4 3p6 4s 8g       -1.56887E-02  4.17127E-01 27.0
    435 20 20  340   5 3p6 4s 9g       -1.23943E-02  4.20422E-01 27.0
    436 20 20  340   6 3p6 4s10g       -1.00375E-02  4.22778E-01 27.0
    437 20 20  341   1 3p6 3d 4f        6.15057E-02  4.94322E-01 27.0
    438 20 20  341   2 3p6 3d 5f        8.43132E-02  5.17129E-01 27.0
    439 20 20  341   3 3p6 3d 6f        9.67036E-02  5.29520E-01 27.0
    440 20 20  341   4 3p6 3d 6h        9.69437E-02  5.29760E-01 27.0
    441 20 20  341   5 3p6 3d 7f        1.04162E-01  5.36978E-01 27.0
    442 20 20  341   6 3p6 3d 7h        1.04313E-01  5.37129E-01 27.0
    443 20 20  341   7 3p6 3d 8f        1.08995E-01  5.41811E-01 27.0
    444 20 20  341   8 3p6 3d 8h        1.09096E-01  5.41912E-01 27.0
    445 20 20  341   9 3p6 3d 9f        1.12305E-01  5.45121E-01 27.0
    446 20 20  341  10 3p6 3d 9h        1.12376E-01  5.45192E-01 27.0
    447 20 20  341  11 3p6 3d10f        1.14670E-01  5.47486E-01 27.0
    448 20 20  341  12 3p6 3d10h        1.14721E-01  5.47537E-01 27.0
    449 20 20  350   1 3p6 3d 5g        8.46720E-02  5.17488E-01 33.0
    450 20 20  350   2 3p6 3d 6g        9.68979E-02  5.29714E-01 33.0
    451 20 20  350   3 3p6 3d 7g        1.04278E-01  5.37094E-01 33.0
    452 20 20  350   4 3p6 3d 8g        1.09070E-01  5.41886E-01 33.0
    453 20 20  350   5 3p6 3d 9g        1.12356E-01  5.45172E-01 33.0
    454 20 20  350   6 3p6 3d10g        1.14707E-01  5.47523E-01 33.0
    455 20 20  351   1 3p6 4s 6h       -2.77803E-02  4.05036E-01 33.0
    456 20 20  351   2 3p6 4s 7h       -2.04114E-02  4.12405E-01 33.0
    457 20 20  351   3 3p6 4s 8h       -1.56281E-02  4.17188E-01 33.0
    458 20 20  351   4 3p6 4s 9h       -1.23484E-02  4.20468E-01 33.0
    459 20 20  351   5 3p6 4s10h       -1.00023E-02  4.22814E-01 33.0
 ====================================================================
 
