 ====================================================================
      i NZ NE iSLP iLV iCONF                 E(RYD)      TE(RYD)   gi
 ====================================================================
      1 12 10  100   1 2s2 2p6         -5.97537E+00  0.00000E+00  1.0
      2 12 10  100   2 2p5 3p          -1.34890E+00  4.62647E+00  1.0
      3 12 10  100   3 2p5 4p          -6.91607E-01  5.28376E+00  1.0
      4 12 10  100   4 2p5 5p          -4.22559E-01  5.55281E+00  1.0
      5 12 10  100   5 2p5 6p          -2.85103E-01  5.69027E+00  1.0
      6 12 10  100   6 2p5 7p          -2.05344E-01  5.77003E+00  1.0
      7 12 10  100   7 2p5 8p          -1.54941E-01  5.82043E+00  1.0
      8 12 10  100   8 2p5 9p          -1.21062E-01  5.85431E+00  1.0
      9 12 10  100   9 2p510p          -9.71968E-02  5.87817E+00  1.0
     10 12 10  110   1 2p5 3p          -1.51946E+00  4.45591E+00  3.0
     11 12 10  110   2 2p5 4p          -7.55362E-01  5.22001E+00  3.0
     12 12 10  110   3 2p5 5p          -4.52720E-01  5.52265E+00  3.0
     13 12 10  110   4 2p5 6p          -3.01671E-01  5.67370E+00  3.0
     14 12 10  110   5 2p5 7p          -2.15402E-01  5.75997E+00  3.0
     15 12 10  110   6 2p5 8p          -1.61500E-01  5.81387E+00  3.0
     16 12 10  110   7 2p5 9p          -1.25574E-01  5.84980E+00  3.0
     17 12 10  110   8 2p510p          -1.00432E-01  5.87494E+00  3.0
     18 12 10  111   1 2p5 3s          -1.93888E+00  4.03649E+00  3.0
     19 12 10  111   2 2p5 3d          -1.00782E+00  4.96755E+00  3.0
     20 12 10  111   3 2p5 4s          -8.95240E-01  5.08013E+00  3.0
     21 12 10  111   4 2p5 4d          -5.65596E-01  5.40977E+00  3.0
     22 12 10  111   5 2p5 5s          -5.16134E-01  5.45924E+00  3.0
     23 12 10  111   6 2p5 5d          -3.61581E-01  5.61379E+00  3.0
     24 12 10  111   7 2p5 6s          -3.35652E-01  5.63972E+00  3.0
     25 12 10  111   8 2p5 6d          -2.50921E-01  5.72445E+00  3.0
     26 12 10  111   9 2p5 7s          -2.35689E-01  5.73968E+00  3.0
     27 12 10  111  10 2p5 7d          -1.84258E-01  5.79111E+00  3.0
     28 12 10  111  11 2p5 8s          -1.74567E-01  5.80080E+00  3.0
     29 12 10  111  12 2p5 8d          -1.41019E-01  5.83435E+00  3.0
     30 12 10  111  13 2p5 9s          -1.34479E-01  5.84089E+00  3.0
     31 12 10  111  14 2p5 9d          -1.11389E-01  5.86398E+00  3.0
     32 12 10  111  15 2p510s          -1.06771E-01  5.86860E+00  3.0
     33 12 10  111  16 2p510d          -9.02031E-02  5.88517E+00  3.0
     34 12 10  120   1 2p5 3p          -1.52766E+00  4.44771E+00  5.0
     35 12 10  120   2 2p5 4p          -7.56383E-01  5.21899E+00  5.0
     36 12 10  120   3 2p5 4f          -5.63249E-01  5.41212E+00  5.0
     37 12 10  120   4 2p5 5p          -4.53043E-01  5.52233E+00  5.0
     38 12 10  120   5 2p5 5f          -3.60532E-01  5.61484E+00  5.0
     39 12 10  120   6 2p5 6p          -3.01820E-01  5.67355E+00  5.0
     40 12 10  120   7 2p5 6f          -2.50350E-01  5.72502E+00  5.0
     41 12 10  120   8 2p5 7p          -2.15485E-01  5.75988E+00  5.0
     42 12 10  120   9 2p5 7f          -1.83909E-01  5.79146E+00  5.0
     43 12 10  120  10 2p5 8p          -1.61551E-01  5.81382E+00  5.0
     44 12 10  120  11 2p5 8f          -1.40789E-01  5.83458E+00  5.0
     45 12 10  120  12 2p5 9p          -1.25608E-01  5.84976E+00  5.0
     46 12 10  120  13 2p5 9f          -1.11229E-01  5.86414E+00  5.0
     47 12 10  120  14 2p510p          -1.00456E-01  5.87491E+00  5.0
     48 12 10  120  15 2p510f          -9.00874E-02  5.88528E+00  5.0
     49 12 10  121   1 2p5 3d          -1.01662E+00  4.95875E+00  5.0
     50 12 10  121   2 2p5 4d          -5.73263E-01  5.40211E+00  5.0
     51 12 10  121   3 2p5 5d          -3.66319E-01  5.60905E+00  5.0
     52 12 10  121   4 2p5 6d          -2.53892E-01  5.72148E+00  5.0
     53 12 10  121   5 2p5 7d          -1.86210E-01  5.78916E+00  5.0
     54 12 10  121   6 2p5 8d          -1.42360E-01  5.83301E+00  5.0
     55 12 10  121   7 2p5 9d          -1.12346E-01  5.86302E+00  5.0
     56 12 10  121   8 2p510d          -9.09087E-02  5.88446E+00  5.0
     57 12 10  130   1 2p5 4f          -5.61896E-01  5.41347E+00  7.0
     58 12 10  130   2 2p5 5f          -3.59602E-01  5.61577E+00  7.0
     59 12 10  130   3 2p5 6f          -2.49750E-01  5.72562E+00  7.0
     60 12 10  130   4 2p5 7f          -1.83511E-01  5.79186E+00  7.0
     61 12 10  130   5 2p5 8f          -1.40514E-01  5.83486E+00  7.0
     62 12 10  130   6 2p5 9f          -1.11032E-01  5.86434E+00  7.0
     63 12 10  130   7 2p510f          -8.99422E-02  5.88543E+00  7.0
     64 12 10  131   1 2p5 3d          -1.02824E+00  4.94713E+00  7.0
     65 12 10  131   2 2p5 4d          -5.77292E-01  5.39808E+00  7.0
     66 12 10  131   3 2p5 5d          -3.68181E-01  5.60719E+00  7.0
     67 12 10  131   4 2p5 5g          -3.60018E-01  5.61535E+00  7.0
     68 12 10  131   5 2p5 6d          -2.54911E-01  5.72046E+00  7.0
     69 12 10  131   6 2p5 6g          -2.50019E-01  5.72535E+00  7.0
     70 12 10  131   7 2p5 7d          -1.86829E-01  5.78854E+00  7.0
     71 12 10  131   8 2p5 7g          -1.83690E-01  5.79168E+00  7.0
     72 12 10  131   9 2p5 8d          -1.42766E-01  5.83260E+00  7.0
     73 12 10  131  10 2p5 8g          -1.40638E-01  5.83473E+00  7.0
     74 12 10  131  11 2p5 9d          -1.12627E-01  5.86274E+00  7.0
     75 12 10  131  12 2p5 9g          -1.11121E-01  5.86425E+00  7.0
     76 12 10  131  13 2p510d          -9.11110E-02  5.88426E+00  7.0
     77 12 10  131  14 2p510g          -9.00076E-02  5.88536E+00  7.0
     78 12 10  140   1 2p5 4f          -5.62977E-01  5.41239E+00  9.0
     79 12 10  140   2 2p5 5f          -3.60352E-01  5.61502E+00  9.0
     80 12 10  140   3 2p5 6f          -2.50237E-01  5.72513E+00  9.0
     81 12 10  140   4 2p5 6h          -2.49999E-01  5.72537E+00  9.0
     82 12 10  140   5 2p5 7f          -1.83836E-01  5.79153E+00  9.0
     83 12 10  140   6 2p5 7h          -1.83672E-01  5.79170E+00  9.0
     84 12 10  140   7 2p5 8f          -1.40739E-01  5.83463E+00  9.0
     85 12 10  140   8 2p5 8h          -1.40624E-01  5.83475E+00  9.0
     86 12 10  140   9 2p5 9f          -1.11194E-01  5.86418E+00  9.0
     87 12 10  140  10 2p5 9h          -1.11110E-01  5.86426E+00  9.0
     88 12 10  140  11 2p510f          -9.00618E-02  5.88531E+00  9.0
     89 12 10  140  12 2p510h          -8.99993E-02  5.88537E+00  9.0
     90 12 10  141   1 2p5 5g          -3.59974E-01  5.61540E+00  9.0
     91 12 10  141   2 2p5 6g          -2.49974E-01  5.72540E+00  9.0
     92 12 10  141   3 2p5 7g          -1.83652E-01  5.79172E+00  9.0
     93 12 10  141   4 2p5 8g          -1.40608E-01  5.83476E+00  9.0
     94 12 10  141   5 2p5 9g          -1.11098E-01  5.86427E+00  9.0
     95 12 10  141   6 2p510g          -8.99901E-02  5.88538E+00  9.0
     96 12 10  300   1 2p5 3p          -1.61640E+00  4.35897E+00  3.0
     97 12 10  300   2 2p5 4p          -7.83596E-01  5.19177E+00  3.0
     98 12 10  300   3 2p5 5p          -4.65441E-01  5.50993E+00  3.0
     99 12 10  300   4 2p5 6p          -3.08534E-01  5.66684E+00  3.0
    100 12 10  300   5 2p5 7p          -2.19530E-01  5.75584E+00  3.0
    101 12 10  300   6 2p5 8p          -1.64176E-01  5.81119E+00  3.0
    102 12 10  300   7 2p5 9p          -1.27407E-01  5.84796E+00  3.0
    103 12 10  300   8 2p510p          -1.01743E-01  5.87363E+00  3.0
    104 12 10  310   1 2p5 3p          -1.51810E+00  4.45727E+00  9.0
    105 12 10  310   2 2p5 4p          -7.54878E-01  5.22049E+00  9.0
    106 12 10  310   3 2p5 5p          -4.52496E-01  5.52287E+00  9.0
    107 12 10  310   4 2p5 6p          -3.01549E-01  5.67382E+00  9.0
    108 12 10  310   5 2p5 7p          -2.15329E-01  5.76004E+00  9.0
    109 12 10  310   6 2p5 8p          -1.61452E-01  5.81392E+00  9.0
    110 12 10  310   7 2p5 9p          -1.25541E-01  5.84983E+00  9.0
    111 12 10  310   8 2p510p          -1.00409E-01  5.87496E+00  9.0
    112 12 10  311   1 2p5 3s          -1.98378E+00  3.99159E+00  9.0
    113 12 10  311   2 2p5 3d          -1.04811E+00  4.92726E+00  9.0
    114 12 10  311   3 2p5 4s          -9.08189E-01  5.06718E+00  9.0
    115 12 10  311   4 2p5 4d          -5.86285E-01  5.38908E+00  9.0
    116 12 10  311   5 2p5 5s          -5.21695E-01  5.45367E+00  9.0
    117 12 10  311   6 2p5 5d          -3.72870E-01  5.60250E+00  9.0
    118 12 10  311   7 2p5 6s          -3.38544E-01  5.63683E+00  9.0
    119 12 10  311   8 2p5 6d          -2.57642E-01  5.71773E+00  9.0
    120 12 10  311   9 2p5 7s          -2.37383E-01  5.73799E+00  9.0
    121 12 10  311  10 2p5 7d          -1.88554E-01  5.78682E+00  9.0
    122 12 10  311  11 2p5 8s          -1.75644E-01  5.79973E+00  9.0
    123 12 10  311  12 2p5 8d          -1.43922E-01  5.83145E+00  9.0
    124 12 10  311  13 2p5 9s          -1.35206E-01  5.84016E+00  9.0
    125 12 10  311  14 2p5 9d          -1.13439E-01  5.86193E+00  9.0
    126 12 10  311  15 2p510s          -1.07284E-01  5.86809E+00  9.0
    127 12 10  311  16 2p510d          -9.17027E-02  5.88367E+00  9.0
    128 12 10  320   1 2p5 3p          -1.55302E+00  4.42235E+00 15.0
    129 12 10  320   2 2p5 4p          -7.65066E-01  5.21030E+00 15.0
    130 12 10  320   3 2p5 4f          -5.63482E-01  5.41189E+00 15.0
    131 12 10  320   4 2p5 5p          -4.57033E-01  5.51834E+00 15.0
    132 12 10  320   5 2p5 5f          -3.60720E-01  5.61465E+00 15.0
    133 12 10  320   6 2p5 6p          -3.03979E-01  5.67139E+00 15.0
    134 12 10  320   7 2p5 6f          -2.50481E-01  5.72489E+00 15.0
    135 12 10  320   8 2p5 7p          -2.16784E-01  5.75859E+00 15.0
    136 12 10  320   9 2p5 7f          -1.84001E-01  5.79137E+00 15.0
    137 12 10  320  10 2p5 8p          -1.62393E-01  5.81298E+00 15.0
    138 12 10  320  11 2p5 8f          -1.40854E-01  5.83452E+00 15.0
    139 12 10  320  12 2p5 9p          -1.26184E-01  5.84919E+00 15.0
    140 12 10  320  13 2p5 9f          -1.11277E-01  5.86409E+00 15.0
    141 12 10  320  14 2p510p          -1.00868E-01  5.87450E+00 15.0
    142 12 10  320  15 2p510f          -9.01235E-02  5.88525E+00 15.0
    143 12 10  321   1 2p5 3d          -1.01641E+00  4.95896E+00 15.0
    144 12 10  321   2 2p5 4d          -5.73141E-01  5.40223E+00 15.0
    145 12 10  321   3 2p5 5d          -3.66250E-01  5.60912E+00 15.0
    146 12 10  321   4 2p5 6d          -2.53851E-01  5.72152E+00 15.0
    147 12 10  321   5 2p5 7d          -1.86183E-01  5.78919E+00 15.0
    148 12 10  321   6 2p5 8d          -1.42342E-01  5.83303E+00 15.0
    149 12 10  321   7 2p5 9d          -1.12333E-01  5.86304E+00 15.0
    150 12 10  321   8 2p510d          -9.08993E-02  5.88447E+00 15.0
    151 12 10  330   1 2p5 4f          -5.61892E-01  5.41348E+00 21.0
    152 12 10  330   2 2p5 5f          -3.59599E-01  5.61577E+00 21.0
    153 12 10  330   3 2p5 6f          -2.49748E-01  5.72562E+00 21.0
    154 12 10  330   4 2p5 7f          -1.83509E-01  5.79186E+00 21.0
    155 12 10  330   5 2p5 8f          -1.40513E-01  5.83486E+00 21.0
    156 12 10  330   6 2p5 9f          -1.11031E-01  5.86434E+00 21.0
    157 12 10  330   7 2p510f          -8.99415E-02  5.88543E+00 21.0
    158 12 10  331   1 2p5 3d          -1.03544E+00  4.93993E+00 21.0
    159 12 10  331   2 2p5 4d          -5.81076E-01  5.39429E+00 21.0
    160 12 10  331   3 2p5 5d          -3.70256E-01  5.60511E+00 21.0
    161 12 10  331   4 2p5 5g          -3.60019E-01  5.61535E+00 21.0
    162 12 10  331   5 2p5 6d          -2.56148E-01  5.71922E+00 21.0
    163 12 10  331   6 2p5 6g          -2.50020E-01  5.72535E+00 21.0
    164 12 10  331   7 2p5 7d          -1.87620E-01  5.78775E+00 21.0
    165 12 10  331   8 2p5 7g          -1.83690E-01  5.79168E+00 21.0
    166 12 10  331   9 2p5 8d          -1.43300E-01  5.83207E+00 21.0
    167 12 10  331  10 2p5 8g          -1.40638E-01  5.83473E+00 21.0
    168 12 10  331  11 2p5 9d          -1.13004E-01  5.86237E+00 21.0
    169 12 10  331  12 2p5 9g          -1.11121E-01  5.86425E+00 21.0
    170 12 10  331  13 2p510d          -9.13870E-02  5.88398E+00 21.0
    171 12 10  331  14 2p510g          -9.00078E-02  5.88536E+00 21.0
    172 12 10  340   1 2p5 4f          -5.63038E-01  5.41233E+00 27.0
    173 12 10  340   2 2p5 5f          -3.60401E-01  5.61497E+00 27.0
    174 12 10  340   3 2p5 6f          -2.50271E-01  5.72510E+00 27.0
    175 12 10  340   4 2p5 6h          -2.49999E-01  5.72537E+00 27.0
    176 12 10  340   5 2p5 7f          -1.83859E-01  5.79151E+00 27.0
    177 12 10  340   6 2p5 7h          -1.83673E-01  5.79170E+00 27.0
    178 12 10  340   7 2p5 8f          -1.40756E-01  5.83461E+00 27.0
    179 12 10  340   8 2p5 8h          -1.40624E-01  5.83475E+00 27.0
    180 12 10  340   9 2p5 9f          -1.11206E-01  5.86416E+00 27.0
    181 12 10  340  10 2p5 9h          -1.11110E-01  5.86426E+00 27.0
    182 12 10  340  11 2p510f          -9.00710E-02  5.88530E+00 27.0
    183 12 10  340  12 2p510h          -8.99994E-02  5.88537E+00 27.0
    184 12 10  341   1 2p5 5g          -3.59974E-01  5.61540E+00 27.0
    185 12 10  341   2 2p5 6g          -2.49974E-01  5.72540E+00 27.0
    186 12 10  341   3 2p5 7g          -1.83652E-01  5.79172E+00 27.0
    187 12 10  341   4 2p5 8g          -1.40608E-01  5.83476E+00 27.0
    188 12 10  341   5 2p5 9g          -1.11098E-01  5.86427E+00 27.0
    189 12 10  341   6 2p510g          -8.99901E-02  5.88538E+00 27.0
    190 12 11  200   1 2p6 3s          -1.09234E+00  0.00000E+00  2.0
    191 12 11  200   2 2p6 4s          -4.65601E-01  6.26739E-01  2.0
    192 12 11  200   3 2p6 5s          -2.58233E-01  8.34107E-01  2.0
    193 12 11  200   4 2p6 6s          -1.64039E-01  9.28301E-01  2.0
    194 12 11  200   5 2p6 7s          -1.13391E-01  9.78949E-01  2.0
    195 12 11  200   6 2p6 8s          -8.30461E-02  1.00929E+00  2.0
    196 12 11  200   7 2p6 9s          -6.34370E-02  1.02890E+00  2.0
    197 12 11  200   8 2p610s          -5.00360E-02  1.04230E+00  2.0
    198 12 11  200   9 2p611s          -4.04736E-02  1.05187E+00  2.0
    199 12 11  211   1 2p6 3p          -7.71021E-01  3.21319E-01  6.0
    200 12 11  211   2 2p6 4p          -3.67362E-01  7.24978E-01  6.0
    201 12 11  211   3 2p6 5p          -2.15715E-01  8.76625E-01  6.0
    202 12 11  211   4 2p6 6p          -1.41904E-01  9.50436E-01  6.0
    203 12 11  211   5 2p6 7p          -1.00431E-01  9.91909E-01  6.0
    204 12 11  211   6 2p6 8p          -7.48136E-02  1.01753E+00  6.0
    205 12 11  211   7 2p6 9p          -5.78853E-02  1.03445E+00  6.0
    206 12 11  211   8 2p610p          -4.61164E-02  1.04622E+00  6.0
    207 12 11  220   1 2p6 3d          -4.54462E-01  6.37878E-01 10.0
    208 12 11  220   2 2p6 4d          -2.55426E-01  8.36914E-01 10.0
    209 12 11  220   3 2p6 5d          -1.62931E-01  9.29409E-01 10.0
    210 12 11  220   4 2p6 6d          -1.12842E-01  9.79498E-01 10.0
    211 12 11  220   5 2p6 7d          -8.27337E-02  1.00961E+00 10.0
    212 12 11  220   6 2p6 8d          -6.32418E-02  1.02910E+00 10.0
    213 12 11  220   7 2p6 9d          -4.99056E-02  1.04243E+00 10.0
    214 12 11  220   8 2p610d          -4.03821E-02  1.05196E+00 10.0
    215 12 11  231   1 2p6 4f          -2.50193E-01  8.42147E-01 14.0
    216 12 11  231   2 2p6 5f          -1.60126E-01  9.32214E-01 14.0
    217 12 11  231   3 2p6 6f          -1.11191E-01  9.81149E-01 14.0
    218 12 11  231   4 2p6 7f          -8.16854E-02  1.01065E+00 14.0
    219 12 11  231   5 2p6 8f          -6.25364E-02  1.02980E+00 14.0
    220 12 11  231   6 2p6 9f          -4.94088E-02  1.04293E+00 14.0
    221 12 11  231   7 2p610f          -4.00192E-02  1.05232E+00 14.0
    222 12 12  100   1 3s2             -5.64727E-01  0.00000E+00  1.0
    223 12 12  100   2 3s 4s           -1.65892E-01  3.98835E-01  1.0
    224 12 12  100   3 3s 5s           -8.19693E-02  4.82758E-01  1.0
    225 12 12  100   4 3s 6s           -4.99492E-02  5.14778E-01  1.0
    226 12 12  100   5 3s 7s           -3.33159E-02  5.31411E-01  1.0
    227 12 12  100   6 3s 8s           -2.38060E-02  5.40921E-01  1.0
    228 12 12  100   7 3s 9s           -1.78610E-02  5.46866E-01  1.0
    229 12 12  100   8 3s10s           -1.38959E-02  5.50831E-01  1.0
    230 12 12  100   9 3s11s           -1.11189E-02  5.53608E-01  1.0
    231 12 12  110   1 3p 4p            1.84924E-01  7.49651E-01  3.0
    232 12 12  110   2 3p 5p            2.52812E-01  8.17539E-01  3.0
    233 12 12  110   3 3p 6p            2.80947E-01  8.45674E-01  3.0
    234 12 12  110   4 3p 7p            2.95272E-01  8.59999E-01  3.0
    235 12 12  110   5 3p 8p            3.03640E-01  8.68367E-01  3.0
    236 12 12  110   6 3p 9p            3.08960E-01  8.73687E-01  3.0
    237 12 12  110   7 3p10p            3.12554E-01  8.77281E-01  3.0
    238 12 12  110   8 3p11p            3.15097E-01  8.79824E-01  3.0
    239 12 12  111   1 3s 3p           -2.40890E-01  3.23837E-01  3.0
    240 12 12  111   2 3s 4p           -1.09796E-01  4.54931E-01  3.0
    241 12 12  111   3 3s 5p           -6.30162E-02  5.01711E-01  3.0
    242 12 12  111   4 3s 6p           -4.04502E-02  5.24277E-01  3.0
    243 12 12  111   5 3s 7p           -2.80966E-02  5.36630E-01  3.0
    244 12 12  111   6 3s 8p           -2.06304E-02  5.44097E-01  3.0
    245 12 12  111   7 3s 9p           -1.57829E-02  5.48944E-01  3.0
    246 12 12  111   8 3s10p           -1.24608E-02  5.52266E-01  3.0
    247 12 12  111   9 3s11p           -1.00861E-02  5.54641E-01  3.0
    248 12 12  120   1 3s 3d           -1.41281E-01  4.23446E-01  5.0
    249 12 12  120   2 3s 4d           -7.81529E-02  4.86574E-01  5.0
    250 12 12  120   3 3s 5d           -4.93083E-02  5.15419E-01  5.0
    251 12 12  120   4 3s 6d           -3.33727E-02  5.31354E-01  5.0
    252 12 12  120   5 3s 7d           -2.40073E-02  5.40720E-01  5.0
    253 12 12  120   6 3s 8d           -1.80656E-02  5.46661E-01  5.0
    254 12 12  120   7 3s 9d           -1.40713E-02  5.50656E-01  5.0
    255 12 12  120   8 3s10d           -1.12623E-02  5.53465E-01  5.0
    256 12 12  121   1 3p 3d            1.72913E-01  7.37640E-01  5.0
    257 12 12  121   2 3p 4d            2.49944E-01  8.14671E-01  5.0
    258 12 12  121   3 3p 5d            2.79183E-01  8.43910E-01  5.0
    259 12 12  121   4 3p 6d            2.94307E-01  8.59034E-01  5.0
    260 12 12  121   5 3p 7d            3.03053E-01  8.67780E-01  5.0
    261 12 12  121   6 3p 8d            3.08574E-01  8.73301E-01  5.0
    262 12 12  121   7 3p 9d            3.12286E-01  8.77013E-01  5.0
    263 12 12  121   8 3p10d            3.14903E-01  8.79630E-01  5.0
    264 12 12  130   1 3p 4f            2.59906E-01  8.24633E-01  7.0
    265 12 12  130   2 3p 5f            2.83934E-01  8.48661E-01  7.0
    266 12 12  130   3 3p 6f            2.96889E-01  8.61616E-01  7.0
    267 12 12  130   4 3p 7f            3.04619E-01  8.69346E-01  7.0
    268 12 12  130   5 3p 8f            3.09597E-01  8.74324E-01  7.0
    269 12 12  130   6 3p 9f            3.12993E-01  8.77720E-01  7.0
    270 12 12  130   7 3p10f            3.15411E-01  8.80138E-01  7.0
    271 12 12  131   1 3s 4f           -6.37087E-02  5.01018E-01  7.0
    272 12 12  131   2 3s 5f           -4.07912E-02  5.23936E-01  7.0
    273 12 12  131   3 3s 6f           -2.82321E-02  5.36495E-01  7.0
    274 12 12  131   4 3s 7f           -2.06927E-02  5.44034E-01  7.0
    275 12 12  131   5 3s 8f           -1.58158E-02  5.48911E-01  7.0
    276 12 12  131   6 3s 9f           -1.24801E-02  5.52247E-01  7.0
    277 12 12  131   7 3s10f           -1.00984E-02  5.54629E-01  7.0
    278 12 12  140   1 3s 5g           -4.00867E-02  5.24640E-01  9.0
    279 12 12  140   2 3s 6g           -2.78353E-02  5.36892E-01  9.0
    280 12 12  140   3 3s 7g           -2.04471E-02  5.44280E-01  9.0
    281 12 12  140   4 3s 8g           -1.56523E-02  5.49075E-01  9.0
    282 12 12  140   5 3s 9g           -1.23655E-02  5.52361E-01  9.0
    283 12 12  140   6 3s10g           -1.00148E-02  5.54712E-01  9.0
    284 12 12  141   1 3p 5g            2.85076E-01  8.49803E-01  9.0
    285 12 12  141   2 3p 6g            2.97537E-01  8.62264E-01  9.0
    286 12 12  141   3 3p 7g            3.05014E-01  8.69741E-01  9.0
    287 12 12  141   4 3p 8g            3.09856E-01  8.74583E-01  9.0
    288 12 12  141   5 3p 9g            3.13172E-01  8.77899E-01  9.0
    289 12 12  141   6 3p10g            3.15541E-01  8.80268E-01  9.0
    290 12 12  300   1 3s 4s           -1.86879E-01  3.77848E-01  3.0
    291 12 12  300   2 3s 5s           -8.84263E-02  4.76301E-01  3.0
    292 12 12  300   3 3s 6s           -5.28287E-02  5.11898E-01  3.0
    293 12 12  300   4 3s 7s           -3.47724E-02  5.29955E-01  3.0
    294 12 12  300   5 3s 8s           -2.46569E-02  5.40070E-01  3.0
    295 12 12  300   6 3s 9s           -1.84039E-02  5.46323E-01  3.0
    296 12 12  300   7 3s10s           -1.42639E-02  5.50463E-01  3.0
    297 12 12  300   8 3s11s           -1.13801E-02  5.53347E-01  3.0
    298 12 12  310   1 3p2             -3.49501E-02  5.29777E-01  9.0
    299 12 12  310   2 3p 4p            2.03508E-01  7.68235E-01  9.0
    300 12 12  310   3 3p 5p            2.58756E-01  8.23483E-01  9.0
    301 12 12  310   4 3p 6p            2.83603E-01  8.48330E-01  9.0
    302 12 12  310   5 3p 7p            2.96709E-01  8.61436E-01  9.0
    303 12 12  310   6 3p 8p            3.04507E-01  8.69234E-01  9.0
    304 12 12  310   7 3p 9p            3.09525E-01  8.74252E-01  9.0
    305 12 12  310   8 3p10p            3.12943E-01  8.77670E-01  9.0
    306 12 12  310   9 3p11p            3.15377E-01  8.80104E-01  9.0
    307 12 12  311   1 3s 3p           -3.67119E-01  1.97608E-01  9.0
    308 12 12  311   2 3s 4p           -1.25115E-01  4.39612E-01  9.0
    309 12 12  311   3 3s 5p           -6.77891E-02  4.96938E-01  9.0
    310 12 12  311   4 3s 6p           -4.24764E-02  5.22251E-01  9.0
    311 12 12  311   5 3s 7p           -2.91459E-02  5.35581E-01  9.0
    312 12 12  311   6 3s 8p           -2.12455E-02  5.43482E-01  9.0
    313 12 12  311   7 3s 9p           -1.61754E-02  5.48552E-01  9.0
    314 12 12  311   8 3s10p           -1.27271E-02  5.52000E-01  9.0
    315 12 12  311   9 3s11p           -1.02754E-02  5.54452E-01  9.0
    316 12 12  320   1 3s 3d           -1.25302E-01  4.39425E-01 15.0
    317 12 12  320   2 3s 4d           -6.77260E-02  4.97001E-01 15.0
    318 12 12  320   3 3s 5d           -4.28135E-02  5.21914E-01 15.0
    319 12 12  320   4 3s 6d           -2.93913E-02  5.35336E-01 15.0
    320 12 12  320   5 3s 7d           -2.14132E-02  5.43314E-01 15.0
    321 12 12  320   6 3s 8d           -1.62929E-02  5.48434E-01 15.0
    322 12 12  320   7 3s 9d           -1.28122E-02  5.51915E-01 15.0
    323 12 12  320   8 3s10d           -1.03387E-02  5.54388E-01 15.0
    324 12 12  321   1 3p 3d            1.99423E-01  7.64150E-01 15.0
    325 12 12  321   2 3p 4d            2.57598E-01  8.22325E-01 15.0
    326 12 12  321   3 3p 5d            2.82702E-01  8.47429E-01 15.0
    327 12 12  321   4 3p 6d            2.96141E-01  8.60868E-01 15.0
    328 12 12  321   5 3p 7d            3.04139E-01  8.68866E-01 15.0
    329 12 12  321   6 3p 8d            3.09274E-01  8.74001E-01 15.0
    330 12 12  321   7 3p 9d            3.12765E-01  8.77492E-01 15.0
    331 12 12  321   8 3p10d            3.15246E-01  8.79973E-01 15.0
    332 12 12  330   1 3p 4f            2.59843E-01  8.24570E-01 21.0
    333 12 12  330   2 3p 5f            2.83872E-01  8.48599E-01 21.0
    334 12 12  330   3 3p 6f            2.96843E-01  8.61570E-01 21.0
    335 12 12  330   4 3p 7f            3.04585E-01  8.69312E-01 21.0
    336 12 12  330   5 3p 8f            3.09573E-01  8.74300E-01 21.0
    337 12 12  330   6 3p 9f            3.12974E-01  8.77701E-01 21.0
    338 12 12  330   7 3p10f            3.15397E-01  8.80124E-01 21.0
    339 12 12  331   1 3s 4f           -6.37088E-02  5.01018E-01 21.0
    340 12 12  331   2 3s 5f           -4.07925E-02  5.23934E-01 21.0
    341 12 12  331   3 3s 6f           -2.82337E-02  5.36493E-01 21.0
    342 12 12  331   4 3s 7f           -2.06942E-02  5.44033E-01 21.0
    343 12 12  331   5 3s 8f           -1.58170E-02  5.48910E-01 21.0
    344 12 12  331   6 3s 9f           -1.24811E-02  5.52246E-01 21.0
    345 12 12  331   7 3s10f           -1.00992E-02  5.54628E-01 21.0
    346 12 12  340   1 3s 5g           -4.00868E-02  5.24640E-01 27.0
    347 12 12  340   2 3s 6g           -2.78354E-02  5.36892E-01 27.0
    348 12 12  340   3 3s 7g           -2.04471E-02  5.44280E-01 27.0
    349 12 12  340   4 3s 8g           -1.56524E-02  5.49075E-01 27.0
    350 12 12  340   5 3s 9g           -1.23655E-02  5.52361E-01 27.0
    351 12 12  340   6 3s10g           -1.00148E-02  5.54712E-01 27.0
    352 12 12  341   1 3p 5g            2.85076E-01  8.49803E-01 27.0
    353 12 12  341   2 3p 6g            2.97537E-01  8.62264E-01 27.0
    354 12 12  341   3 3p 7g            3.05014E-01  8.69741E-01 27.0
    355 12 12  341   4 3p 8g            3.09856E-01  8.74583E-01 27.0
    356 12 12  341   5 3p 9g            3.13172E-01  8.77899E-01 27.0
    357 12 12  341   6 3p10g            3.15541E-01  8.80268E-01 27.0
 ====================================================================
