 ====================================================================
      i NZ NE iSLP iLV iCONF                 E(RYD)      TE(RYD)   gi
 ====================================================================
      1  7  5  200   1 2s 2p2          -2.26493E+00  1.21227E+00  2.0
      2  7  5  200   2 2s2 3s          -1.46580E+00  2.01140E+00  2.0
      3  7  5  200   3 2s2 4s          -7.42538E-01  2.73466E+00  2.0
      4  7  5  200   4 2s2p(3PO) 3p    -4.94152E-01  2.98305E+00  2.0
      5  7  5  200   5 2s2 5s          -4.45156E-01  3.03204E+00  2.0
      6  7  5  200   6 2s2 6s          -2.99183E-01  3.17802E+00  2.0
      7  7  5  200   7 2s2 7s          -2.14337E-01  3.26286E+00  2.0
      8  7  5  200   8 2s2 8s          -1.61086E-01  3.31611E+00  2.0
      9  7  5  200   9 2s2 9s          -1.25500E-01  3.35170E+00  2.0
     10  7  5  200  10 2s210s          -1.00556E-01  3.37664E+00  2.0
     11  7  5  201   1 2p2(3PE) 3p      3.10916E-01  3.78812E+00  2.0
     12  7  5  201   2 2p2(3PE) 4p      9.34160E-01  4.41136E+00  2.0
     13  7  5  201   3 2p2(3PE) 5p      1.19382E+00  4.67102E+00  2.0
     14  7  5  201   4 2p2(3PE) 6p      1.32678E+00  4.80398E+00  2.0
     15  7  5  201   5 2p2(3PE) 7p      1.40437E+00  4.88157E+00  2.0
     16  7  5  201   6 2p2(3PE) 8p      1.45361E+00  4.93081E+00  2.0
     17  7  5  201   7 2p2(3PE) 9p      1.48680E+00  4.96400E+00  2.0
     18  7  5  201   8 2p2(3PE)10p      1.51024E+00  4.98744E+00  2.0
     19  7  5  210   1 2s 2p2          -2.13284E+00  1.34436E+00  6.0
     20  7  5  210   2 2s2p(3PO) 3p    -6.66926E-01  2.81027E+00  6.0
     21  7  5  210   3 2s2p(3PO) 4p    -6.80429E-02  3.40916E+00  6.0
     22  7  5  210   4 2s2p(1PO) 3p    -3.07936E-02  3.44641E+00  6.0
     23  7  5  210   5 2s2p(3PO) 5p     1.85861E-01  3.66306E+00  6.0
     24  7  5  210   6 2p2(3PE) 3s      2.75054E-01  3.75225E+00  6.0
     25  7  5  210   7 2s2p(3PO) 6p     3.43788E-01  3.82099E+00  6.0
     26  7  5  210   8 2s2p(3PO) 7p     4.14282E-01  3.89148E+00  6.0
     27  7  5  210   9 2s2p(3PO) 8p     4.61809E-01  3.93901E+00  6.0
     28  7  5  210  10 2s2p(3PO) 9p     4.94256E-01  3.97146E+00  6.0
     29  7  5  210  11 2s2p(3PO)10p     5.17147E-01  3.99435E+00  6.0
     30  7  5  211   1 2s2 2p          -3.47720E+00  0.00000E+00  6.0
     31  7  5  211   2 2p3             -1.35879E+00  2.11841E+00  6.0
     32  7  5  211   3 2s2 3p          -1.24488E+00  2.23232E+00  6.0
     33  7  5  211   4 2s2p(3PO) 3s    -7.71116E-01  2.70608E+00  6.0
     34  7  5  211   5 2s2 4p          -6.44902E-01  2.83230E+00  6.0
     35  7  5  211   6 2s2 5p          -4.05192E-01  3.07201E+00  6.0
     36  7  5  211   7 2s2p(3PO) 3d    -3.53405E-01  3.12380E+00  6.0
     37  7  5  211   8 2s2 6p          -2.78782E-01  3.19842E+00  6.0
     38  7  5  211   9 2s2p(1PO) 3s    -2.51665E-01  3.22553E+00  6.0
     39  7  5  211  10 2s2 7p          -1.99116E-01  3.27808E+00  6.0
     40  7  5  211  11 2s2 8p          -1.51543E-01  3.32566E+00  6.0
     41  7  5  211  12 2s2 9p          -1.19570E-01  3.35763E+00  6.0
     42  7  5  211  13 2s2p(3PO) 4s:   -1.00704E-01  3.37650E+00  6.0
     43  7  5  211  14 2s210p:         -9.20651E-02  3.38513E+00  6.0
     44  7  5  220   1 2s 2p2          -2.55113E+00  9.26070E-01 10.0
     45  7  5  220   2 2s2 3d          -1.04835E+00  2.42885E+00 10.0
     46  7  5  220   3 2s2 4d          -5.89491E-01  2.88771E+00 10.0
     47  7  5  220   4 2s2p(3PO) 3p    -5.55906E-01  2.92129E+00 10.0
     48  7  5  220   5 2s2 5d          -3.70778E-01  3.10642E+00 10.0
     49  7  5  220   6 2s2 6d          -2.56409E-01  3.22079E+00 10.0
     50  7  5  220   7 2s2 7d          -1.87761E-01  3.28944E+00 10.0
     51  7  5  220   8 2s2 8d          -1.43387E-01  3.33381E+00 10.0
     52  7  5  220   9 2s2 9d          -1.13066E-01  3.36413E+00 10.0
     53  7  5  220  10 2s210d          -9.14388E-02  3.38576E+00 10.0
     54  7  5  221   1 2p3             -1.61916E+00  1.85804E+00 10.0
     55  7  5  221   2 2s2p(3PO) 3d    -4.35398E-01  3.04180E+00 10.0
     56  7  5  221   3 2s2p(3PO) 4d     2.37370E-02  3.50094E+00 10.0
     57  7  5  221   4 2s2p(1PO) 3d     1.41638E-01  3.61884E+00 10.0
     58  7  5  221   5 2s2p(3PO) 5d     2.45412E-01  3.72261E+00 10.0
     59  7  5  221   6 2s2p(3PO) 6d     3.57451E-01  3.83465E+00 10.0
     60  7  5  221   7 2p2(3PE) 3p      3.90086E-01  3.86729E+00 10.0
     61  7  5  221   8 2s2p(3PO) 7d     4.25883E-01  3.90308E+00 10.0
     62  7  5  221   9 2s2p(3PO) 8d     4.70011E-01  3.94721E+00 10.0
     63  7  5  221  10 2s2p(3PO) 9d     5.00197E-01  3.97740E+00 10.0
     64  7  5  221  11 2s2p(3PO)10d     5.21654E-01  3.99885E+00 10.0
     65  7  5  230   1 2s2p(3PO) 4f     3.92035E-02  3.51640E+00 14.0
     66  7  5  230   2 2s2p(3PO) 5f     2.46198E-01  3.72340E+00 14.0
     67  7  5  230   3 2s2p(3PO) 6f     3.58126E-01  3.83533E+00 14.0
     68  7  5  230   4 2s2p(3PO) 7f     4.25599E-01  3.90280E+00 14.0
     69  7  5  230   5 2s2p(3PO) 8f     4.69298E-01  3.94650E+00 14.0
     70  7  5  230   6 2s2p(3PO) 9f     4.99133E-01  3.97633E+00 14.0
     71  7  5  230   7 2s2p(3PO)10f     5.20303E-01  3.99750E+00 14.0
     72  7  5  231   1 2s2 4f          -5.68229E-01  2.90897E+00 14.0
     73  7  5  231   2 2s2p(3PO) 3d    -3.83726E-01  3.09347E+00 14.0
     74  7  5  231   3 2s2 5f          -3.63634E-01  3.11357E+00 14.0
     75  7  5  231   4 2s2 6f          -2.52656E-01  3.22454E+00 14.0
     76  7  5  231   5 2s2 7f          -1.85603E-01  3.29160E+00 14.0
     77  7  5  231   6 2s2 8f          -1.42065E-01  3.33513E+00 14.0
     78  7  5  231   7 2s2 9f          -1.12212E-01  3.36499E+00 14.0
     79  7  5  231   8 2s210f          -9.08581E-02  3.38634E+00 14.0
     80  7  5  240   1 2s2 5g          -3.60643E-01  3.11656E+00 18.0
     81  7  5  240   2 2s2 6g          -2.50425E-01  3.22677E+00 18.0
     82  7  5  240   3 2s2 7g          -1.83960E-01  3.29324E+00 18.0
     83  7  5  240   4 2s2 8g          -1.40826E-01  3.33637E+00 18.0
     84  7  5  240   5 2s2 9g          -1.11258E-01  3.36594E+00 18.0
     85  7  5  240   6 2s210g          -9.01097E-02  3.38709E+00 18.0
     86  7  5  241   1 2s2p(3PO) 5g     2.51670E-01  3.72887E+00 18.0
     87  7  5  241   2 2s2p(3PO) 6g     3.62510E-01  3.83971E+00 18.0
     88  7  5  241   3 2s2p(3PO) 7g     4.29273E-01  3.90647E+00 18.0
     89  7  5  241   4 2s2p(3PO) 8g     4.72552E-01  3.94975E+00 18.0
     90  7  5  241   5 2s2p(3PO) 9g     5.02203E-01  3.97940E+00 18.0
     91  7  5  241   6 2s2p(3PO)10g     5.23404E-01  4.00060E+00 18.0
     92  7  5  400   1 2s2p(3PO) 3p    -6.17700E-01  2.85950E+00  4.0
     93  7  5  400   2 2s2p(3PO) 4p    -3.65623E-02  3.44064E+00  4.0
     94  7  5  400   3 2s2p(3PO) 5p     2.10047E-01  3.68725E+00  4.0
     95  7  5  400   4 2s2p(3PO) 6p     3.39140E-01  3.81634E+00  4.0
     96  7  5  400   5 2s2p(3PO) 7p     4.14838E-01  3.89204E+00  4.0
     97  7  5  400   6 2s2p(3PO) 8p     4.63014E-01  3.94021E+00  4.0
     98  7  5  400   7 2s2p(3PO) 9p     4.95572E-01  3.97277E+00  4.0
     99  7  5  400   8 2s2p(3PO)10p     5.18607E-01  3.99581E+00  4.0
    100  7  5  401   1 2p3             -1.77029E+00  1.70691E+00  4.0
    101  7  5  401   2 2p2(3PE) 3p      4.44332E-01  3.92153E+00  4.0
    102  7  5  401   3 2p2(3PE) 4p      9.79261E-01  4.45646E+00  4.0
    103  7  5  401   4 2p2(3PE) 5p      1.21461E+00  4.69181E+00  4.0
    104  7  5  401   5 2p2(3PE) 6p      1.33818E+00  4.81538E+00  4.0
    105  7  5  401   6 2p2(3PE) 7p      1.41130E+00  4.88850E+00  4.0
    106  7  5  401   7 2p2(3PE) 8p      1.45813E+00  4.93533E+00  4.0
    107  7  5  401   8 2p2(3PE) 9p      1.48991E+00  4.96711E+00  4.0
    108  7  5  401   9 2p2(3PE)10p      1.51247E+00  4.98967E+00  4.0
    109  7  5  410   1 2s 2p2          -2.96111E+00  5.16090E-01 12.0
    110  7  5  410   2 2s2p(3PO) 3p    -5.90936E-01  2.88626E+00 12.0
    111  7  5  410   3 2s2p(3PO) 4p    -2.89349E-02  3.44827E+00 12.0
    112  7  5  410   4 2p2(3PE) 3s      1.78052E-01  3.65525E+00 12.0
    113  7  5  410   5 2s2p(3PO) 5p     2.14891E-01  3.69209E+00 12.0
    114  7  5  410   6 2s2p(3PO) 6p     3.41349E-01  3.81855E+00 12.0
    115  7  5  410   7 2s2p(3PO) 7p     4.16031E-01  3.89323E+00 12.0
    116  7  5  410   8 2s2p(3PO) 8p     4.63716E-01  3.94092E+00 12.0
    117  7  5  410   9 2s2p(3PO) 9p     4.96003E-01  3.97320E+00 12.0
    118  7  5  410  10 2s2p(3PO)10p     5.18870E-01  3.99607E+00 12.0
    119  7  5  411   1 2s2p(3PO) 3s    -8.61390E-01  2.61581E+00 12.0
    120  7  5  411   2 2s2p(3PO) 3d    -4.18656E-01  3.05854E+00 12.0
    121  7  5  411   3 2s2p(3PO) 4s    -1.26698E-01  3.35050E+00 12.0
    122  7  5  411   4 2s2p(3PO) 4d     3.38121E-02  3.51101E+00 12.0
    123  7  5  411   5 2s2p(3PO) 5s     1.67365E-01  3.64457E+00 12.0
    124  7  5  411   6 2s2p(3PO) 5d     2.43781E-01  3.72098E+00 12.0
    125  7  5  411   7 2s2p(3PO) 6s     3.14439E-01  3.79164E+00 12.0
    126  7  5  411   8 2s2p(3PO) 6d     3.57605E-01  3.83481E+00 12.0
    127  7  5  411   9 2p2(3PE) 3p      3.78317E-01  3.85552E+00 12.0
    128  7  5  411  10 2s2p(3PO) 7s     4.02880E-01  3.88008E+00 12.0
    129  7  5  411  11 2s2p(3PO) 7d     4.26408E-01  3.90361E+00 12.0
    130  7  5  411  12 2s2p(3PO) 8s     4.54112E-01  3.93131E+00 12.0
    131  7  5  411  13 2s2p(3PO) 8d     4.70602E-01  3.94780E+00 12.0
    132  7  5  411  14 2s2p(3PO) 9s     4.89314E-01  3.96651E+00 12.0
    133  7  5  411  15 2s2p(3PO) 9d     5.00830E-01  3.97803E+00 12.0
    134  7  5  411  16 2s2p(3PO)10s     5.14074E-01  3.99127E+00 12.0
    135  7  5  411  17 2s2p(3PO)10d     5.22402E-01  3.99960E+00 12.0
    136  7  5  420   1 2s2p(3PO) 3p    -6.61905E-01  2.81529E+00 20.0
    137  7  5  420   2 2s2p(3PO) 4p    -5.20709E-02  3.42513E+00 20.0
    138  7  5  420   3 2s2p(3PO) 4f     5.24572E-02  3.52966E+00 20.0
    139  7  5  420   4 2s2p(3PO) 5p     2.03171E-01  3.68037E+00 20.0
    140  7  5  420   5 2s2p(3PO) 5f     2.53151E-01  3.73035E+00 20.0
    141  7  5  420   6 2s2p(3PO) 6p     3.35102E-01  3.81230E+00 20.0
    142  7  5  420   7 2s2p(3PO) 6f     3.62772E-01  3.83997E+00 20.0
    143  7  5  420   8 2s2p(3PO) 7p     4.12167E-01  3.88937E+00 20.0
    144  7  5  420   9 2s2p(3PO) 7f     4.28909E-01  3.90611E+00 20.0
    145  7  5  420  10 2s2p(3PO) 8p     4.61082E-01  3.93828E+00 20.0
    146  7  5  420  11 2s2p(3PO) 8f     4.71830E-01  3.94903E+00 20.0
    147  7  5  420  12 2s2p(3PO) 9p     4.94044E-01  3.97124E+00 20.0
    148  7  5  420  13 2s2p(3PO) 9f     5.01213E-01  3.97841E+00 20.0
    149  7  5  420  14 2s2p(3PO)10p     5.17261E-01  3.99446E+00 20.0
    150  7  5  420  15 2s2p(3PO)10f     5.22152E-01  3.99935E+00 20.0
    151  7  5  421   1 2s2p(3PO) 3d    -4.51988E-01  3.02521E+00 20.0
    152  7  5  421   2 2s2p(3PO) 4d     2.41923E-02  3.50139E+00 20.0
    153  7  5  421   3 2s2p(3PO) 5d     2.40114E-01  3.71731E+00 20.0
    154  7  5  421   4 2p2(3PE) 3p      3.48009E-01  3.82521E+00 20.0
    155  7  5  421   5 2s2p(3PO) 6d     3.58949E-01  3.83615E+00 20.0
    156  7  5  421   6 2s2p(3PO) 7d     4.25380E-01  3.90258E+00 20.0
    157  7  5  421   7 2s2p(3PO) 8d     4.69899E-01  3.94710E+00 20.0
    158  7  5  421   8 2s2p(3PO) 9d     5.00335E-01  3.97754E+00 20.0
    159  7  5  421   9 2s2p(3PO)10d     5.22043E-01  3.99924E+00 20.0
    160  7  5  430   1 2s2p(3PO) 4f     3.95475E-02  3.51675E+00 28.0
    161  7  5  430   2 2s2p(3PO) 5f     2.46332E-01  3.72353E+00 28.0
    162  7  5  430   3 2s2p(3PO) 6f     3.57910E-01  3.83511E+00 28.0
    163  7  5  430   4 2s2p(3PO) 7f     4.24886E-01  3.90209E+00 28.0
    164  7  5  430   5 2s2p(3PO) 8f     4.67743E-01  3.94494E+00 28.0
    165  7  5  430   6 2s2p(3PO) 9f     4.95921E-01  3.97312E+00 28.0
    166  7  5  430   7 2s2p(3PO)10f     5.14518E-01  3.99172E+00 28.0
    167  7  5  431   1 2s2p(3PO) 3d    -4.76540E-01  3.00066E+00 28.0
    168  7  5  431   2 2s2p(3PO) 4d     1.25761E-02  3.48978E+00 28.0
    169  7  5  431   3 2s2p(3PO) 5d     2.33999E-01  3.71120E+00 28.0
    170  7  5  431   4 2s2p(3PO) 5g     2.54378E-01  3.73158E+00 28.0
    171  7  5  431   5 2s2p(3PO) 6d     3.52385E-01  3.82959E+00 28.0
    172  7  5  431   6 2s2p(3PO) 6g     3.64001E-01  3.84120E+00 28.0
    173  7  5  431   7 2s2p(3PO) 7d     4.22933E-01  3.90013E+00 28.0
    174  7  5  431   8 2s2p(3PO) 7g     4.30161E-01  3.90736E+00 28.0
    175  7  5  431   9 2s2p(3PO) 8d     4.68330E-01  3.94553E+00 28.0
    176  7  5  431  10 2s2p(3PO) 8g     4.73138E-01  3.95034E+00 28.0
    177  7  5  431  11 2s2p(3PO) 9d     4.99255E-01  3.97645E+00 28.0
    178  7  5  431  12 2s2p(3PO) 9g     5.02615E-01  3.97982E+00 28.0
    179  7  5  431  13 2s2p(3PO)10d     5.21264E-01  3.99846E+00 28.0
    180  7  5  440   1 2s2p(3PO) 4f     5.03615E-02  3.52756E+00 36.0
    181  7  5  440   2 2s2p(3PO) 5f     2.52847E-01  3.73005E+00 36.0
    182  7  5  440   3 2s2p(3PO) 6f     3.63109E-01  3.84031E+00 36.0
    183  7  5  440   4 2s2p(3PO) 6h     3.63830E-01  3.84103E+00 36.0
    184  7  5  440   5 2s2p(3PO) 7f     4.29600E-01  3.90680E+00 36.0
    185  7  5  440   6 2s2p(3PO) 7h     4.30116E-01  3.90732E+00 36.0
    186  7  5  440   7 2s2p(3PO) 8f     4.72757E-01  3.94996E+00 36.0
    187  7  5  440   8 2s2p(3PO) 8h     4.73126E-01  3.95033E+00 36.0
    188  7  5  440   9 2s2p(3PO) 9f     5.02343E-01  3.97954E+00 36.0
    189  7  5  440  10 2s2p(3PO) 9h     5.02613E-01  3.97981E+00 36.0
    190  7  5  440  11 2s2p(3PO)10f     5.23504E-01  4.00070E+00 36.0
    191  7  5  441   1 2s2p(3PO) 5g     2.51672E-01  3.72887E+00 36.0
    192  7  5  441   2 2s2p(3PO) 6g     3.62512E-01  3.83971E+00 36.0
    193  7  5  441   3 2s2p(3PO) 7g     4.29274E-01  3.90647E+00 36.0
    194  7  5  441   4 2s2p(3PO) 8g     4.72553E-01  3.94975E+00 36.0
    195  7  5  441   5 2s2p(3PO) 9g     5.02204E-01  3.97940E+00 36.0
    196  7  5  441   6 2s2p(3PO)10g     5.23404E-01  4.00060E+00 36.0
    197  7  6  100   1 2s2 2p2         -1.86165E+00  3.16100E-01  1.0
    198  7  6  100   2 2s2 2p 3p       -5.45655E-01  1.63210E+00  1.0
    199  7  6  100   3 2s2 2p 4p       -2.89207E-01  1.88854E+00  1.0
    200  7  6  100   4 2s2 2p 5p       -1.79260E-01  1.99849E+00  1.0
    201  7  6  100   5 2s2 2p 6p       -1.21993E-01  2.05576E+00  1.0
    202  7  6  100   6 2s2 2p 7p       -8.83801E-02  2.08937E+00  1.0
    203  7  6  100   7 2s2 2p 8p       -6.69716E-02  2.11078E+00  1.0
    204  7  6  100   8 2s2 2p 9p       -5.24982E-02  2.12525E+00  1.0
    205  7  6  100   9 2s2 2p10p       -4.22573E-02  2.13549E+00  1.0
    206  7  6  101   1 2s2p2(2PE) 3p    6.70115E-01  2.84787E+00  1.0
    207  7  6  101   2 2s2p2(2PE) 4p    1.01710E+00  3.19485E+00  1.0
    208  7  6  101   3 2s2p2(2PE) 5p    1.15109E+00  3.32884E+00  1.0
    209  7  6  101   4 2s2p2(2PE) 6p    1.21792E+00  3.39567E+00  1.0
    210  7  6  101   5 2s2p2(2PE) 7p    1.25611E+00  3.43386E+00  1.0
    211  7  6  101   6 2s2p2(2PE) 8p    1.27999E+00  3.45774E+00  1.0
    212  7  6  101   7 2s2p2(2PE) 9p    1.29591E+00  3.47366E+00  1.0
    213  7  6  101   8 2s2p2(2PE)10p    1.30706E+00  3.48481E+00  1.0
    214  7  6  110   1 2s2 2p 3p       -6.73009E-01  1.50474E+00  3.0
    215  7  6  110   2 2s2 2p 4p       -3.32679E-01  1.84507E+00  3.0
    216  7  6  110   3 2s2 2p 5p       -1.99697E-01  1.97805E+00  3.0
    217  7  6  110   4 2s2 2p 6p       -1.33243E-01  2.04451E+00  3.0
    218  7  6  110   5 2s2 2p 7p       -9.52304E-02  2.08252E+00  3.0
    219  7  6  110   6 2s2 2p 8p       -7.14506E-02  2.10630E+00  3.0
    220  7  6  110   7 2s2 2p 9p       -5.55866E-02  2.12216E+00  3.0
    221  7  6  110   8 2s2 2p10p       -4.44763E-02  2.13327E+00  3.0
    222  7  6  111   1 2s2 2p 3s       -8.09748E-01  1.36800E+00  3.0
    223  7  6  111   2 2s 2p3          -6.27380E-01  1.55037E+00  3.0
    224  7  6  111   3 2s2 2p 3d       -4.38997E-01  1.73875E+00  3.0
    225  7  6  111   4 2s2 2p 4s       -3.71034E-01  1.80672E+00  3.0
    226  7  6  111   5 2s2 2p 4d       -2.49029E-01  1.92872E+00  3.0
    227  7  6  111   6 2s2 2p 5s       -2.18148E-01  1.95960E+00  3.0
    228  7  6  111   7 2s2 2p 5d       -1.59700E-01  2.01805E+00  3.0
    229  7  6  111   8 2s2 2p 6s       -1.43343E-01  2.03441E+00  3.0
    230  7  6  111   9 2s2 2p 6d       -1.10987E-01  2.06676E+00  3.0
    231  7  6  111  10 2s2 2p 7s       -1.01331E-01  2.07642E+00  3.0
    232  7  6  111  11 2s2 2p 7d       -8.15712E-02  2.09618E+00  3.0
    233  7  6  111  12 2s2 2p 8s       -7.54094E-02  2.10234E+00  3.0
    234  7  6  111  13 2s2 2p 8d       -6.24658E-02  2.11528E+00  3.0
    235  7  6  111  14 2s2 2p 9s       -5.82984E-02  2.11945E+00  3.0
    236  7  6  111  15 2s2 2p 9d       -4.93620E-02  2.12839E+00  3.0
    237  7  6  111  16 2s2 2p10s       -4.64139E-02  2.13134E+00  3.0
    238  7  6  120   1 2s2 2p2         -2.03337E+00  1.44380E-01  5.0
    239  7  6  120   2 2s2 2p 3p       -5.83814E-01  1.59394E+00  5.0
    240  7  6  120   3 2s2 2p 4p       -3.03523E-01  1.87423E+00  5.0
    241  7  6  120   4 2s2 2p 4f       -2.49693E-01  1.92806E+00  5.0
    242  7  6  120   5 2s2 2p 5p       -1.86319E-01  1.99143E+00  5.0
    243  7  6  120   6 2s2 2p 5f       -1.59844E-01  2.01791E+00  5.0
    244  7  6  120   7 2s2 2p 6p       -1.26009E-01  2.05174E+00  5.0
    245  7  6  120   8 2s2 2p 6f       -1.11040E-01  2.06671E+00  5.0
    246  7  6  120   9 2s2 2p 7p       -9.09111E-02  2.08684E+00  5.0
    247  7  6  120  10 2s2 2p 7f       -8.16584E-02  2.09609E+00  5.0
    248  7  6  120  11 2p4             -7.94931E-02  2.09826E+00  5.0
    249  7  6  120  12 2s2 2p 8p       -6.85950E-02  2.10916E+00  5.0
    250  7  6  120  13 2s2 2p 8f       -6.24710E-02  2.11528E+00  5.0
    251  7  6  120  14 2s2 2p 9p       -5.36425E-02  2.12411E+00  5.0
    252  7  6  120  15 2s2 2p 9f       -4.93662E-02  2.12838E+00  5.0
    253  7  6  120  16 2s2 2p10p       -4.30887E-02  2.13466E+00  5.0
    254  7  6  121   1 2s 2p3          -8.46089E-01  1.33166E+00  5.0
    255  7  6  121   2 2s2 2p 3d       -4.66844E-01  1.71091E+00  5.0
    256  7  6  121   3 2s2 2p 4d       -2.61859E-01  1.91589E+00  5.0
    257  7  6  121   4 2s2 2p 5d       -1.66526E-01  2.01122E+00  5.0
    258  7  6  121   5 2s2 2p 6d       -1.15014E-01  2.06274E+00  5.0
    259  7  6  121   6 2s2 2p 7d       -8.41343E-02  2.09362E+00  5.0
    260  7  6  121   7 2s2 2p 8d       -6.41939E-02  2.11356E+00  5.0
    261  7  6  121   8 2s2 2p 9d       -5.05805E-02  2.12717E+00  5.0
    262  7  6  121   9 2s2 2p10d       -4.08772E-02  2.13687E+00  5.0
    263  7  6  130   1 2s2 2p 4f       -2.51901E-01  1.92585E+00  7.0
    264  7  6  130   2 2s2 2p 5f       -1.61270E-01  2.01648E+00  7.0
    265  7  6  130   3 2s2 2p 6f       -1.11930E-01  2.06582E+00  7.0
    266  7  6  130   4 2s2 2p 7f       -8.21784E-02  2.09557E+00  7.0
    267  7  6  130   5 2s2 2p 8f       -6.28784E-02  2.11487E+00  7.0
    268  7  6  130   6 2s2 2p 9f       -4.96545E-02  2.12810E+00  7.0
    269  7  6  130   7 2s2 2p10f       -4.02012E-02  2.13755E+00  7.0
    270  7  6  131   1 2s2 2p 3d       -4.47028E-01  1.73072E+00  7.0
    271  7  6  131   2 2s2 2p 4d       -2.51507E-01  1.92624E+00  7.0
    272  7  6  131   3 2s2 2p 5d       -1.60889E-01  2.01686E+00  7.0
    273  7  6  131   4 2s2 2p 5g       -1.59948E-01  2.01780E+00  7.0
    274  7  6  131   5 2s2 2p 6d       -1.11655E-01  2.06610E+00  7.0
    275  7  6  131   6 2s2 2p 6g       -1.11069E-01  2.06668E+00  7.0
    276  7  6  131   7 2s2 2p 7d       -8.19852E-02  2.09576E+00  7.0
    277  7  6  131   8 2s2 2p 7g       -8.16018E-02  2.09615E+00  7.0
    278  7  6  131   9 2s2 2p 8d       -6.27405E-02  2.11501E+00  7.0
    279  7  6  131  10 2s2 2p 8g       -6.24778E-02  2.11527E+00  7.0
    280  7  6  131  11 2s2 2p 9d       -4.95538E-02  2.12820E+00  7.0
    281  7  6  131  12 2s2 2p 9g       -4.93664E-02  2.12838E+00  7.0
    282  7  6  131  13 2s2 2p10d       -4.01258E-02  2.13762E+00  7.0
    283  7  6  140   1 2s2 2p 4f       -2.50152E-01  1.92760E+00  9.0
    284  7  6  140   2 2s2 2p 5f       -1.60119E-01  2.01763E+00  9.0
    285  7  6  140   3 2s2 2p 6f       -1.11209E-01  2.06654E+00  9.0
    286  7  6  140   4 2s2 2p 6h       -1.11104E-01  2.06665E+00  9.0
    287  7  6  140   5 2s2 2p 7f       -8.17070E-02  2.09604E+00  9.0
    288  7  6  140   6 2s2 2p 7h       -8.16248E-02  2.09613E+00  9.0
    289  7  6  140   7 2s2 2p 8f       -6.25557E-02  2.11519E+00  9.0
    290  7  6  140   8 2s2 2p 8h       -6.24934E-02  2.11526E+00  9.0
    291  7  6  140   9 2s2 2p 9f       -4.94248E-02  2.12833E+00  9.0
    292  7  6  140  10 2s2 2p 9h       -4.93774E-02  2.12837E+00  9.0
    293  7  6  140  11 2s2 2p10f       -4.00322E-02  2.13772E+00  9.0
    294  7  6  141   1 2s2 2p 5g       -1.60087E-01  2.01766E+00  9.0
    295  7  6  141   2 2s2 2p 6g       -1.11194E-01  2.06656E+00  9.0
    296  7  6  141   3 2s2 2p 7g       -8.16974E-02  2.09605E+00  9.0
    297  7  6  141   4 2s2 2p 8g       -6.25490E-02  2.11520E+00  9.0
    298  7  6  141   5 2s2 2p 9g       -4.94199E-02  2.12833E+00  9.0
    299  7  6  141   6 2s2 2p10g       -4.00286E-02  2.13772E+00  9.0
    300  7  6  150   1 2s2 2p 6h       -1.11114E-01  2.06664E+00 11.0
    301  7  6  150   2 2s2 2p 7h       -8.16367E-02  2.09611E+00 11.0
    302  7  6  150   3 2s2 2p 8h       -6.25037E-02  2.11525E+00 11.0
    303  7  6  150   4 2s2 2p 9h       -4.93859E-02  2.12836E+00 11.0
    304  7  6  150   5 2s2 2p10h       -4.00026E-02  2.13775E+00 11.0
    305  7  6  151   1 2s2 2p 5g       -1.60005E-01  2.01775E+00 11.0
    306  7  6  151   2 2s2 2p 6g       -1.11115E-01  2.06664E+00 11.0
    307  7  6  151   3 2s2 2p 7i       -8.16322E-02  2.09612E+00 11.0
    308  7  6  151   4 2s2 2p 7g       -8.16322E-02  2.09612E+00 11.0
    309  7  6  151   5 2s2 2p 8i       -6.24994E-02  2.11525E+00 11.0
    310  7  6  151   6 2s2 2p 8g       -6.24994E-02  2.11525E+00 11.0
    311  7  6  151   7 2s2 2p 9g       -4.93822E-02  2.12837E+00 11.0
    312  7  6  151   8 2s2 2p 9i       -4.93821E-02  2.12837E+00 11.0
    313  7  6  151   9 2s2 2p10g       -3.99995E-02  2.13775E+00 11.0
    314  7  6  160   1 2s2 2p 6h       -1.11112E-01  2.06664E+00 13.0
    315  7  6  160   2 2s2 2p 7h       -8.16341E-02  2.09612E+00 13.0
    316  7  6  160   3 2s2 2p 8h       -6.25013E-02  2.11525E+00 13.0
    317  7  6  160   4 2s2 2p 9h       -4.93838E-02  2.12837E+00 13.0
    318  7  6  160   5 2s2 2p10h       -4.00009E-02  2.13775E+00 13.0
    319  7  6  161   1 2s2 2p 7i       -8.16327E-02  2.09612E+00 13.0
    320  7  6  161   2 2s2 2p 8i       -6.25000E-02  2.11525E+00 13.0
    321  7  6  161   3 2s2 2p 9i       -4.93828E-02  2.12837E+00 13.0
    322  7  6  161   4 2s2 2p10i       -4.00001E-02  2.13775E+00 13.0
    323  7  6  300   1 2s2 2p 3p       -6.32672E-01  1.54508E+00  3.0
    324  7  6  300   2 2s2 2p 4p       -3.21918E-01  1.85583E+00  3.0
    325  7  6  300   3 2s2 2p 5p       -1.94830E-01  1.98292E+00  3.0
    326  7  6  300   4 2s2 2p 6p       -1.30608E-01  2.04714E+00  3.0
    327  7  6  300   5 2s2 2p 7p       -9.36422E-02  2.08411E+00  3.0
    328  7  6  300   6 2s2 2p 8p       -7.04197E-02  2.10733E+00  3.0
    329  7  6  300   7 2s2 2p 9p       -5.48795E-02  2.12287E+00  3.0
    330  7  6  300   8 2s2 2p10p       -4.39704E-02  2.13378E+00  3.0
    331  7  6  301   1 2s 2p3          -7.40646E-01  1.43710E+00  3.0
    332  7  6  301   2 2s2p2(4PE) 3p   -1.56175E-01  2.02158E+00  3.0
    333  7  6  301   3 2s2p2(4PE) 4p    1.71729E-01  2.34948E+00  3.0
    334  7  6  301   4 2s2p2(4PE) 5p    3.03046E-01  2.48080E+00  3.0
    335  7  6  301   5 2s2p2(4PE) 6p    3.69099E-01  2.54685E+00  3.0
    336  7  6  301   6 2s2p2(4PE) 7p    4.06980E-01  2.58473E+00  3.0
    337  7  6  301   7 2s2p2(4PE) 8p    4.30708E-01  2.60846E+00  3.0
    338  7  6  301   8 2s2p2(4PE) 9p    4.46548E-01  2.62430E+00  3.0
    339  7  6  301   9 2s2p2(4PE)10p    4.57646E-01  2.63540E+00  3.0
    340  7  6  310   1 2s2 2p2         -2.17775E+00  0.00000E+00  9.0
    341  7  6  310   2 2s2 2p 3p       -6.18166E-01  1.55958E+00  9.0
    342  7  6  310   3 2s2 2p 4p       -3.24615E-01  1.85314E+00  9.0
    343  7  6  310   4 2s2p2(4PE) 3s   -2.52024E-01  1.92573E+00  9.0
    344  7  6  310   5 2s2 2p 5p       -1.88040E-01  1.98971E+00  9.0
    345  7  6  310   6 2p4             -1.66523E-01  2.01123E+00  9.0
    346  7  6  310   7 2s2 2p 6p       -1.26550E-01  2.05120E+00  9.0
    347  7  6  310   8 2s2 2p 7p       -9.15698E-02  2.08618E+00  9.0
    348  7  6  310   9 2s2 2p 8p       -6.91733E-02  2.10858E+00  9.0
    349  7  6  310  10 2s2 2p 9p       -5.40633E-02  2.12369E+00  9.0
    350  7  6  310  11 2s2 2p10p       -4.34042E-02  2.13435E+00  9.0
    351  7  6  311   1 2s 2p3          -1.17259E+00  1.00516E+00  9.0
    352  7  6  311   2 2s2 2p 3s       -8.13816E-01  1.36393E+00  9.0
    353  7  6  311   3 2s2 2p 3d       -4.51391E-01  1.72636E+00  9.0
    354  7  6  311   4 2s2 2p 4s       -3.83282E-01  1.79447E+00  9.0
    355  7  6  311   5 2s2 2p 4d       -2.55383E-01  1.92237E+00  9.0
    356  7  6  311   6 2s2 2p 5s       -2.23128E-01  1.95462E+00  9.0
    357  7  6  311   7 2s2 2p 5d       -1.63311E-01  2.01444E+00  9.0
    358  7  6  311   8 2s2 2p 6s       -1.46025E-01  2.03173E+00  9.0
    359  7  6  311   9 2s2 2p 6d       -1.13330E-01  2.06442E+00  9.0
    360  7  6  311  10 2s2 2p 7s       -1.03063E-01  2.07469E+00  9.0
    361  7  6  311  11 2s2 2p 7d       -8.35062E-02  2.09424E+00  9.0
    362  7  6  311  12 2s2 2p 8s       -7.69554E-02  2.10079E+00  9.0
    363  7  6  311  13 2s2p2(4PE) 3p   -6.79676E-02  2.10978E+00  9.0
    364  7  6  311  14 2s2 2p 8d       -6.21962E-02  2.11555E+00  9.0
    365  7  6  311  15 2s2 2p 9s       -5.83170E-02  2.11943E+00  9.0
    366  7  6  311  16 2s2 2p 9d       -4.96971E-02  2.12805E+00  9.0
    367  7  6  311  17 2s2 2p10s       -4.66769E-02  2.13107E+00  9.0
    368  7  6  311  18 2s2 2p10d       -4.02994E-02  2.13745E+00  9.0
    369  7  6  320   1 2s2 2p 3p       -6.54210E-01  1.52354E+00 15.0
    370  7  6  320   2 2s2 2p 4p       -3.27678E-01  1.85007E+00 15.0
    371  7  6  320   3 2s2 2p 4f       -2.49833E-01  1.92792E+00 15.0
    372  7  6  320   4 2s2 2p 5p       -1.97496E-01  1.98025E+00 15.0
    373  7  6  320   5 2s2 2p 5f       -1.59953E-01  2.01780E+00 15.0
    374  7  6  320   6 2s2 2p 6p       -1.32093E-01  2.04566E+00 15.0
    375  7  6  320   7 2s2 2p 6f       -1.11111E-01  2.06664E+00 15.0
    376  7  6  320   8 2s2 2p 7p       -9.45611E-02  2.08319E+00 15.0
    377  7  6  320   9 2s2 2p 7f       -8.16463E-02  2.09610E+00 15.0
    378  7  6  320  10 2s2 2p 8p       -7.10294E-02  2.10672E+00 15.0
    379  7  6  320  11 2s2 2p 8f       -6.25157E-02  2.11523E+00 15.0
    380  7  6  320  12 2s2 2p 9p       -5.53053E-02  2.12244E+00 15.0
    381  7  6  320  13 2s2 2p 9f       -4.93971E-02  2.12835E+00 15.0
    382  7  6  320  14 2s2 2p10p       -4.42796E-02  2.13347E+00 15.0
    383  7  6  320  15 2s2 2p10f       -4.00123E-02  2.13774E+00 15.0
    384  7  6  321   1 2s 2p3          -1.33697E+00  8.40780E-01 15.0
    385  7  6  321   2 2s2 2p 3d       -4.64413E-01  1.71334E+00 15.0
    386  7  6  321   3 2s2 2p 4d       -2.58810E-01  1.91894E+00 15.0
    387  7  6  321   4 2s2 2p 5d       -1.64899E-01  2.01285E+00 15.0
    388  7  6  321   5 2s2 2p 6d       -1.14697E-01  2.06305E+00 15.0
    389  7  6  321   6 2s2p2(4PE) 3p   -9.47991E-02  2.08295E+00 15.0
    390  7  6  321   7 2s2 2p 7d       -8.22520E-02  2.09550E+00 15.0
    391  7  6  321   8 2s2 2p 8d       -6.33355E-02  2.11441E+00 15.0
    392  7  6  321   9 2s2 2p 9d       -5.00297E-02  2.12772E+00 15.0
    393  7  6  321  10 2s2 2p10d       -4.04904E-02  2.13726E+00 15.0
    394  7  6  330   1 2s2 2p 4f       -2.51833E-01  1.92592E+00 21.0
    395  7  6  330   2 2s2 2p 5f       -1.61217E-01  2.01653E+00 21.0
    396  7  6  330   3 2s2 2p 6f       -1.11893E-01  2.06586E+00 21.0
    397  7  6  330   4 2s2 2p 7f       -8.21528E-02  2.09560E+00 21.0
    398  7  6  330   5 2s2 2p 8f       -6.28603E-02  2.11489E+00 21.0
    399  7  6  330   6 2s2 2p 9f       -4.96414E-02  2.12811E+00 21.0
    400  7  6  330   7 2s2 2p10f       -4.01914E-02  2.13756E+00 21.0
    401  7  6  331   1 2s2 2p 3d       -4.72515E-01  1.70524E+00 21.0
    402  7  6  331   2 2s2 2p 4d       -2.64200E-01  1.91355E+00 21.0
    403  7  6  331   3 2s2 2p 5d       -1.67627E-01  2.01012E+00 21.0
    404  7  6  331   4 2s2 2p 5g       -1.59985E-01  2.01777E+00 21.0
    405  7  6  331   5 2s2 2p 6d       -1.15609E-01  2.06214E+00 21.0
    406  7  6  331   6 2s2 2p 6g       -1.11097E-01  2.06665E+00 21.0
    407  7  6  331   7 2s2 2p 7d       -8.44917E-02  2.09326E+00 21.0
    408  7  6  331   8 2s2 2p 7g       -8.16214E-02  2.09613E+00 21.0
    409  7  6  331   9 2s2 2p 8d       -6.44251E-02  2.11333E+00 21.0
    410  7  6  331  10 2s2 2p 8g       -6.24915E-02  2.11526E+00 21.0
    411  7  6  331  11 2s2 2p 9d       -5.07388E-02  2.12701E+00 21.0
    412  7  6  331  12 2s2 2p 9g       -4.93763E-02  2.12837E+00 21.0
    413  7  6  331  13 2s2 2p10d       -4.09903E-02  2.13676E+00 21.0
    414  7  6  340   1 2s2 2p 4f       -2.50393E-01  1.92736E+00 27.0
    415  7  6  340   2 2s2 2p 5f       -1.60316E-01  2.01743E+00 27.0
    416  7  6  340   3 2s2 2p 6f       -1.11344E-01  2.06641E+00 27.0
    417  7  6  340   4 2s2 2p 6h       -1.11109E-01  2.06664E+00 27.0
    418  7  6  340   5 2s2 2p 7f       -8.18005E-02  2.09595E+00 27.0
    419  7  6  340   6 2s2 2p 7h       -8.16299E-02  2.09612E+00 27.0
    420  7  6  340   7 2s2 2p 8f       -6.26223E-02  2.11513E+00 27.0
    421  7  6  340   8 2s2 2p 8h       -6.24976E-02  2.11525E+00 27.0
    422  7  6  340   9 2s2 2p 9f       -4.94735E-02  2.12828E+00 27.0
    423  7  6  340  10 2s2 2p 9h       -4.93808E-02  2.12837E+00 27.0
    424  7  6  340  11 2s2 2p10f       -4.00688E-02  2.13768E+00 27.0
    425  7  6  341   1 2s2 2p 5g       -1.60086E-01  2.01766E+00 27.0
    426  7  6  341   2 2s2 2p 6g       -1.11193E-01  2.06656E+00 27.0
    427  7  6  341   3 2s2 2p 7g       -8.16971E-02  2.09605E+00 27.0
    428  7  6  341   4 2s2 2p 8g       -6.25488E-02  2.11520E+00 27.0
    429  7  6  341   5 2s2 2p 9g       -4.94197E-02  2.12833E+00 27.0
    430  7  6  341   6 2s2 2p10g       -4.00284E-02  2.13772E+00 27.0
    431  7  6  350   1 2s2 2p 6h       -1.11114E-01  2.06664E+00 33.0
    432  7  6  350   2 2s2 2p 7h       -8.16367E-02  2.09611E+00 33.0
    433  7  6  350   3 2s2 2p 8h       -6.25037E-02  2.11525E+00 33.0
    434  7  6  350   4 2s2 2p 9h       -4.93859E-02  2.12836E+00 33.0
    435  7  6  350   5 2s2 2p10h       -4.00026E-02  2.13775E+00 33.0
    436  7  6  351   1 2s2 2p 5g       -1.60006E-01  2.01774E+00 33.0
    437  7  6  351   2 2s2 2p 6g       -1.11116E-01  2.06663E+00 33.0
    438  7  6  351   3 2s2 2p 7i       -8.16323E-02  2.09612E+00 33.0
    439  7  6  351   4 2s2 2p 7g       -8.16323E-02  2.09612E+00 33.0
    440  7  6  351   5 2s2 2p 8i       -6.24995E-02  2.11525E+00 33.0
    441  7  6  351   6 2s2 2p 8g       -6.24995E-02  2.11525E+00 33.0
    442  7  6  351   7 2s2 2p 9i       -4.93822E-02  2.12837E+00 33.0
    443  7  6  351   8 2s2 2p 9g       -4.93822E-02  2.12837E+00 33.0
    444  7  6  351   9 2s2 2p10i       -3.99996E-02  2.13775E+00 33.0
    445  7  6  360   1 2s2 2p 6h       -1.11112E-01  2.06664E+00 39.0
    446  7  6  360   2 2s2 2p 7h       -8.16342E-02  2.09612E+00 39.0
    447  7  6  360   3 2s2 2p 8h       -6.25013E-02  2.11525E+00 39.0
    448  7  6  360   4 2s2 2p 9h       -4.93838E-02  2.12837E+00 39.0
    449  7  6  360   5 2s2 2p10h       -4.00009E-02  2.13775E+00 39.0
    450  7  6  361   1 2s2 2p 7i       -8.16327E-02  2.09612E+00 39.0
    451  7  6  361   2 2s2 2p 8i       -6.25000E-02  2.11525E+00 39.0
    452  7  6  361   3 2s2 2p 9i       -4.93828E-02  2.12837E+00 39.0
    453  7  6  361   4 2s2 2p10i       -4.00001E-02  2.13775E+00 39.0
    454  7  6  501   1 2s 2p3          -1.76772E+00  4.10030E-01  5.0
    455  7  6  501   2 2s2p2(4PE) 3p   -9.66745E-02  2.08108E+00  5.0
    456  7  6  501   3 2s2p2(4PE) 4p    1.95804E-01  2.37355E+00  5.0
    457  7  6  501   4 2s2p2(4PE) 5p    3.14772E-01  2.49252E+00  5.0
    458  7  6  501   5 2s2p2(4PE) 6p    3.75633E-01  2.55338E+00  5.0
    459  7  6  501   6 2s2p2(4PE) 7p    4.10980E-01  2.58873E+00  5.0
    460  7  6  501   7 2s2p2(4PE) 8p    4.33330E-01  2.61108E+00  5.0
    461  7  6  501   8 2s2p2(4PE) 9p    4.48358E-01  2.62611E+00  5.0
    462  7  6  501   9 2s2p2(4PE)10p    4.58948E-01  2.63670E+00  5.0
    463  7  6  510   1 2s2p2(4PE) 3s   -3.14023E-01  1.86373E+00 15.0
    464  7  6  510   2 2s2p2(4PE) 3d    3.76677E-02  2.21542E+00 15.0
    465  7  6  510   3 2s2p2(4PE) 4s    1.19676E-01  2.29743E+00 15.0
    466  7  6  510   4 2s2p2(4PE) 4d    2.43473E-01  2.42122E+00 15.0
    467  7  6  510   5 2s2p2(4PE) 5s    2.79678E-01  2.45743E+00 15.0
    468  7  6  510   6 2s2p2(4PE) 5d    3.37583E-01  2.51533E+00 15.0
    469  7  6  510   7 2s2p2(4PE) 6s    3.56623E-01  2.53437E+00 15.0
    470  7  6  510   8 2s2p2(4PE) 6d    3.88344E-01  2.56609E+00 15.0
    471  7  6  510   9 2s2p2(4PE) 7s    3.99543E-01  2.57729E+00 15.0
    472  7  6  510  10 2s2p2(4PE) 7d    4.18791E-01  2.59654E+00 15.0
    473  7  6  510  11 2s2p2(4PE) 8s    4.25920E-01  2.60367E+00 15.0
    474  7  6  510  12 2s2p2(4PE) 8d    4.38473E-01  2.61622E+00 15.0
    475  7  6  510  13 2s2p2(4PE) 9s    4.43285E-01  2.62104E+00 15.0
    476  7  6  510  14 2s2p2(4PE) 9d    4.51924E-01  2.62967E+00 15.0
    477  7  6  510  15 2s2p2(4PE)10s    4.55324E-01  2.63307E+00 15.0
    478  7  6  510  16 2s2p2(4PE)10d    4.61522E-01  2.63927E+00 15.0
    479  7  6  511   1 2s2p2(4PE) 3p   -1.32260E-01  2.04549E+00 15.0
    480  7  6  511   2 2s2p2(4PE) 4p    1.80388E-01  2.35814E+00 15.0
    481  7  6  511   3 2s2p2(4PE) 5p    3.07462E-01  2.48521E+00 15.0
    482  7  6  511   4 2s2p2(4PE) 6p    3.71627E-01  2.54938E+00 15.0
    483  7  6  511   5 2s2p2(4PE) 7p    4.08552E-01  2.58630E+00 15.0
    484  7  6  511   6 2s2p2(4PE) 8p    4.31748E-01  2.60950E+00 15.0
    485  7  6  511   7 2s2p2(4PE) 9p    4.47270E-01  2.62502E+00 15.0
    486  7  6  511   8 2s2p2(4PE)10p    4.58168E-01  2.63592E+00 15.0
    487  7  6  520   1 2s2p2(4PE) 3d    4.18817E-02  2.21963E+00 25.0
    488  7  6  520   2 2s2p2(4PE) 4d    2.41804E-01  2.41955E+00 25.0
    489  7  6  520   3 2s2p2(4PE) 5d    3.36257E-01  2.51401E+00 25.0
    490  7  6  520   4 2s2p2(4PE) 6d    3.87467E-01  2.56522E+00 25.0
    491  7  6  520   5 2s2p2(4PE) 7d    4.18204E-01  2.59595E+00 25.0
    492  7  6  520   6 2s2p2(4PE) 8d    4.38067E-01  2.61582E+00 25.0
    493  7  6  520   7 2s2p2(4PE) 9d    4.51634E-01  2.62938E+00 25.0
    494  7  6  520   8 2s2p2(4PE)10d    4.61307E-01  2.63906E+00 25.0
    495  7  6  521   1 2s2p2(4PE) 3p   -1.50672E-01  2.02708E+00 25.0
    496  7  6  521   2 2s2p2(4PE) 4p    1.75478E-01  2.35323E+00 25.0
    497  7  6  521   3 2s2p2(4PE) 4f    2.50767E-01  2.42852E+00 25.0
    498  7  6  521   4 2s2p2(4PE) 5p    3.05257E-01  2.48301E+00 25.0
    499  7  6  521   5 2s2p2(4PE) 5f    3.41219E-01  2.51897E+00 25.0
    500  7  6  521   6 2s2p2(4PE) 6p    3.70435E-01  2.54819E+00 25.0
    501  7  6  521   7 2s2p2(4PE) 6f    3.90423E-01  2.56817E+00 25.0
    502  7  6  521   8 2s2p2(4PE) 7p    4.07833E-01  2.58558E+00 25.0
    503  7  6  521   9 2s2p2(4PE) 7f    4.20091E-01  2.59784E+00 25.0
    504  7  6  521  10 2s2p2(4PE) 8p    4.31281E-01  2.60903E+00 25.0
    505  7  6  521  11 2s2p2(4PE) 8f    4.39340E-01  2.61709E+00 25.0
    506  7  6  521  12 2s2p2(4PE) 9p    4.46950E-01  2.62470E+00 25.0
    507  7  6  521  13 2s2p2(4PE) 9f    4.52532E-01  2.63028E+00 25.0
    508  7  6  521  14 2s2p2(4PE)10p    4.57938E-01  2.63569E+00 25.0
    509  7  6  521  15 2s2p2(4PE)10f    4.61964E-01  2.63971E+00 25.0
    510  7  6  530   1 2s2p2(4PE) 3d    2.45941E-02  2.20234E+00 35.0
    511  7  6  530   2 2s2p2(4PE) 4d    2.35939E-01  2.41369E+00 35.0
    512  7  6  530   3 2s2p2(4PE) 5d    3.33476E-01  2.51123E+00 35.0
    513  7  6  530   4 2s2p2(4PE) 5g    3.42044E-01  2.51979E+00 35.0
    514  7  6  530   5 2s2p2(4PE) 6d    3.85917E-01  2.56367E+00 35.0
    515  7  6  530   6 2s2p2(4PE) 6g    3.90935E-01  2.56869E+00 35.0
    516  7  6  530   7 2s2p2(4PE) 7d    4.17250E-01  2.59500E+00 35.0
    517  7  6  530   8 2s2p2(4PE) 7g    4.20426E-01  2.59818E+00 35.0
    518  7  6  530   9 2s2p2(4PE) 8d    4.37437E-01  2.61519E+00 35.0
    519  7  6  530  10 2s2p2(4PE) 8g    4.39570E-01  2.61732E+00 35.0
    520  7  6  530  11 2s2p2(4PE) 9d    4.51196E-01  2.62895E+00 35.0
    521  7  6  530  12 2s2p2(4PE) 9g    4.52695E-01  2.63045E+00 35.0
    522  7  6  530  13 2s2p2(4PE)10d    4.60990E-01  2.63874E+00 35.0
    523  7  6  530  14 2s2p2(4PE)10g    4.62084E-01  2.63983E+00 35.0
    524  7  6  531   1 2s2p2(4PE) 4f    2.53021E-01  2.43077E+00 35.0
    525  7  6  531   2 2s2p2(4PE) 5f    3.42663E-01  2.52041E+00 35.0
    526  7  6  531   3 2s2p2(4PE) 6f    3.91324E-01  2.56907E+00 35.0
    527  7  6  531   4 2s2p2(4PE) 7f    4.20678E-01  2.59843E+00 35.0
    528  7  6  531   5 2s2p2(4PE) 8f    4.39741E-01  2.61749E+00 35.0
    529  7  6  531   6 2s2p2(4PE) 9f    4.52817E-01  2.63057E+00 35.0
    530  7  6  540   1 2s2p2(4PE) 5g    3.42158E-01  2.51991E+00 45.0
    531  7  6  540   2 2s2p2(4PE) 6g    3.91047E-01  2.56880E+00 45.0
    532  7  6  540   3 2s2p2(4PE) 7g    4.20514E-01  2.59826E+00 45.0
    533  7  6  540   4 2s2p2(4PE) 8g    4.39637E-01  2.61739E+00 45.0
    534  7  6  540   5 2s2p2(4PE) 9g    4.52746E-01  2.63050E+00 45.0
    535  7  6  541   1 2s2p2(4PE) 4f    2.51334E-01  2.42908E+00 45.0
    536  7  6  541   2 2s2p2(4PE) 5f    3.41587E-01  2.51934E+00 45.0
    537  7  6  541   3 2s2p2(4PE) 6f    3.90650E-01  2.56840E+00 45.0
    538  7  6  541   4 2s2p2(4PE) 6h    3.90993E-01  2.56874E+00 45.0
    539  7  6  541   5 2s2p2(4PE) 7f    4.20238E-01  2.59799E+00 45.0
    540  7  6  541   6 2s2p2(4PE) 7h    4.20472E-01  2.59822E+00 45.0
    541  7  6  541   7 2s2p2(4PE) 8f    4.39440E-01  2.61719E+00 45.0
    542  7  6  541   8 2s2p2(4PE) 8h    4.39604E-01  2.61735E+00 45.0
    543  7  6  541   9 2s2p2(4PE) 9f    4.52602E-01  2.63035E+00 45.0
    544  7  6  541  10 2s2p2(4PE) 9h    4.52722E-01  2.63047E+00 45.0
    545  7  6  541  11 2s2p2(4PE)10f    4.62015E-01  2.63977E+00 45.0
    546  7  6  550   1 2s2p2(4PE) 5g    3.42067E-01  2.51982E+00 55.0
    547  7  6  550   2 2s2p2(4PE) 6g    3.90958E-01  2.56871E+00 55.0
    548  7  6  550   3 2s2p2(4PE) 7i    4.20471E-01  2.59822E+00 55.0
    549  7  6  550   4 2s2p2(4PE) 7g    4.20471E-01  2.59822E+00 55.0
    550  7  6  550   5 2s2p2(4PE) 8i    4.39604E-01  2.61735E+00 55.0
    551  7  6  550   6 2s2p2(4PE) 8g    4.39604E-01  2.61735E+00 55.0
    552  7  6  550   7 2s2p2(4PE) 9i    4.52721E-01  2.63047E+00 55.0
    553  7  6  550   8 2s2p2(4PE) 9g    4.52721E-01  2.63047E+00 55.0
    554  7  6  550   9 2s2p2(4PE)10i    4.62104E-01  2.63985E+00 55.0
    555  7  7  200   1 2p2(1DE) 3d      2.74730E-02  1.10786E+00  2.0
    556  7  7  200   2 2p2(1SE) 3s      5.56554E-02  1.13605E+00  2.0
    557  7  7  200   3 2p2(1DE) 4d      7.78979E-02  1.15829E+00  2.0
    558  7  7  200   4 2p2(1DE) 5d      9.92543E-02  1.17964E+00  2.0
    559  7  7  200   5 2p2(1DE) 6d      1.11208E-01  1.19160E+00  2.0
    560  7  7  200   6 2p2(1DE) 7d      1.18475E-01  1.19886E+00  2.0
    561  7  7  200   7 2p2(1DE) 8d      1.23210E-01  1.20360E+00  2.0
    562  7  7  200   8 2p2(1DE) 9d      1.26464E-01  1.20685E+00  2.0
    563  7  7  201   1 2p2(3PE) 3p     -2.14279E-01  8.66111E-01  2.0
    564  7  7  201   2 2p2(3PE) 4p     -9.81957E-02  9.82194E-01  2.0
    565  7  7  201   3 2p2(3PE) 5p     -5.66082E-02  1.02378E+00  2.0
    566  7  7  201   4 2p2(3PE) 6p     -3.68640E-02  1.04353E+00  2.0
    567  7  7  201   5 2p2(3PE) 7p     -2.59225E-02  1.05447E+00  2.0
    568  7  7  201   6 2p2(3PE) 8p     -1.92231E-02  1.06117E+00  2.0
    569  7  7  201   7 2p2(3PE) 9p     -1.48232E-02  1.06557E+00  2.0
    570  7  7  201   8 2p2(3PE)10p     -1.17784E-02  1.06861E+00  2.0
    571  7  7  210   1 2p2(3PE) 3s     -2.79250E-01  8.01140E-01  6.0
    572  7  7  210   2 2p2(3PE) 4s     -1.18551E-01  9.61839E-01  6.0
    573  7  7  210   3 2p2(3PE) 3d     -1.14486E-01  9.65904E-01  6.0
    574  7  7  210   4 2p2(3PE) 5s     -6.55345E-02  1.01486E+00  6.0
    575  7  7  210   5 2p2(3PE) 4d     -6.39596E-02  1.01643E+00  6.0
    576  7  7  210   6 2p2(3PE) 6s     -4.15219E-02  1.03887E+00  6.0
    577  7  7  210   7 2p2(3PE) 5d     -4.07908E-02  1.03960E+00  6.0
    578  7  7  210   8 2p2(3PE) 7s     -2.86482E-02  1.05174E+00  6.0
    579  7  7  210   9 2p2(3PE) 6d     -2.82487E-02  1.05214E+00  6.0
    580  7  7  210  10 2p2(3PE) 8s     -2.09524E-02  1.05944E+00  6.0
    581  7  7  210  11 2p2(3PE) 7d     -2.07094E-02  1.05968E+00  6.0
    582  7  7  210  12 2p2(3PE) 9s     -1.59879E-02  1.06440E+00  6.0
    583  7  7  210  13 2p2(3PE) 8d     -1.58287E-02  1.06456E+00  6.0
    584  7  7  210  14 2p2(3PE)10s     -1.25997E-02  1.06779E+00  6.0
    585  7  7  210  15 2p2(3PE) 9d     -1.24896E-02  1.06790E+00  6.0
    586  7  7  210  16 2p2(3PE)11s     -1.01847E-02  1.07021E+00  6.0
    587  7  7  210  17 2p2(3PE)10d     -1.01053E-02  1.07028E+00  6.0
    588  7  7  211   1 2s2 2p3         -7.95499E-01  2.84891E-01  6.0
    589  7  7  211   2 2p2(3PE) 3p     -1.75181E-01  9.05209E-01  6.0
    590  7  7  211   3 2p2(3PE) 4p     -8.72839E-02  9.93106E-01  6.0
    591  7  7  211   4 2p2(3PE) 5p     -5.39468E-02  1.02644E+00  6.0
    592  7  7  211   5 2p2(1DE) 3p     -4.29172E-02  1.03747E+00  6.0
    593  7  7  211   6 2p2(3PE) 6p     -3.29024E-02  1.04749E+00  6.0
    594  7  7  211   7 2p2(3PE) 7p     -2.38944E-02  1.05650E+00  6.0
    595  7  7  211   8 2p2(3PE) 8p     -1.79867E-02  1.06240E+00  6.0
    596  7  7  211   9 2p2(3PE) 9p     -1.40042E-02  1.06639E+00  6.0
    597  7  7  211  10 2p2(3PE)10p     -1.12055E-02  1.06918E+00  6.0
    598  7  7  220   1 2p2(1DE) 3s     -1.32581E-01  9.47809E-01 10.0
    599  7  7  220   2 2p2(3PE) 3d     -1.10032E-01  9.70358E-01 10.0
    600  7  7  220   3 2p2(3PE) 4d     -6.21516E-02  1.01824E+00 10.0
    601  7  7  220   4 2p2(3PE) 5d     -3.98267E-02  1.04056E+00 10.0
    602  7  7  220   5 2p2(3PE) 6d     -2.76808E-02  1.05271E+00 10.0
    603  7  7  220   6 2p2(3PE) 7d     -2.03494E-02  1.06004E+00 10.0
    604  7  7  220   7 2p2(3PE) 8d     -1.55870E-02  1.06480E+00 10.0
    605  7  7  220   8 2p2(3PE) 9d     -1.23199E-02  1.06807E+00 10.0
    606  7  7  221   1 2s2 2p3         -8.91269E-01  1.89121E-01 10.0
    607  7  7  221   2 2p2(3PE) 3p     -1.84223E-01  8.96167E-01 10.0
    608  7  7  221   3 2p2(3PE) 4p     -9.08345E-02  9.89555E-01 10.0
    609  7  7  221   4 2p2(3PE) 4f     -6.27662E-02  1.01762E+00 10.0
    610  7  7  221   5 2p2(1DE) 3p     -5.90120E-02  1.02138E+00 10.0
    611  7  7  221   6 2p2(3PE) 5p     -4.80813E-02  1.03231E+00 10.0
    612  7  7  221   7 2p2(3PE) 5f     -4.01426E-02  1.04025E+00 10.0
    613  7  7  221   8 2p2(3PE) 6p     -3.38992E-02  1.04649E+00 10.0
    614  7  7  221   9 2p2(3PE) 6f     -2.78594E-02  1.05253E+00 10.0
    615  7  7  221  10 2p2(3PE) 7p     -2.43393E-02  1.05605E+00 10.0
    616  7  7  221  11 2p2(3PE) 7f     -2.04592E-02  1.05993E+00 10.0
    617  7  7  221  12 2p2(3PE) 8p     -1.82526E-02  1.06214E+00 10.0
    618  7  7  221  13 2p2(3PE) 8f     -1.56591E-02  1.06473E+00 10.0
    619  7  7  221  14 2p2(3PE) 9p     -1.41802E-02  1.06621E+00 10.0
    620  7  7  221  15 2p2(3PE) 9f     -1.23696E-02  1.06802E+00 10.0
    621  7  7  221  16 2p2(3PE)10p     -1.13290E-02  1.06906E+00 10.0
    622  7  7  221  17 2p2(3PE)10f     -1.00175E-02  1.07037E+00 10.0
    623  7  7  230   1 2p2(3PE) 3d     -1.12639E-01  9.67751E-01 14.0
    624  7  7  230   2 2p2(3PE) 4d     -6.31945E-02  1.01720E+00 14.0
    625  7  7  230   3 2p2(3PE) 5d     -4.03765E-02  1.04001E+00 14.0
    626  7  7  230   4 2p2(3PE) 5g     -4.00323E-02  1.04036E+00 14.0
    627  7  7  230   5 2p2(3PE) 6d     -2.80023E-02  1.05239E+00 14.0
    628  7  7  230   6 2p2(3PE) 6g     -2.78015E-02  1.05259E+00 14.0
    629  7  7  230   7 2p2(3PE) 7d     -2.05521E-02  1.05984E+00 14.0
    630  7  7  230   8 2p2(3PE) 7g     -2.04247E-02  1.05997E+00 14.0
    631  7  7  230   9 2p2(3PE) 8d     -1.57226E-02  1.06467E+00 14.0
    632  7  7  230  10 2p2(3PE) 8g     -1.56367E-02  1.06475E+00 14.0
    633  7  7  230  11 2p2(3PE) 9d     -1.24148E-02  1.06798E+00 14.0
    634  7  7  230  12 2p2(3PE) 9g     -1.23542E-02  1.06804E+00 14.0
    635  7  7  230  13 2p2(3PE)10d     -1.00507E-02  1.07034E+00 14.0
    636  7  7  230  14 2p2(3PE)10g     -1.00063E-02  1.07038E+00 14.0
    637  7  7  231   1 2p2(3PE) 4f     -6.22882E-02  1.01810E+00 14.0
    638  7  7  231   2 2p2(1DE) 3p     -5.51505E-02  1.02524E+00 14.0
    639  7  7  231   3 2p2(3PE) 5f     -3.98939E-02  1.04050E+00 14.0
    640  7  7  231   4 2p2(3PE) 6f     -2.77202E-02  1.05267E+00 14.0
    641  7  7  231   5 2p2(3PE) 7f     -2.03733E-02  1.06002E+00 14.0
    642  7  7  231   6 2p2(3PE) 8f     -1.56022E-02  1.06479E+00 14.0
    643  7  7  231   7 2p2(3PE) 9f     -1.23299E-02  1.06806E+00 14.0
    644  7  7  240   1 2p2(3PE) 5g     -3.99639E-02  1.04043E+00 18.0
    645  7  7  240   2 2p2(3PE) 6g     -2.77526E-02  1.05264E+00 18.0
    646  7  7  240   3 2p2(3PE) 7g     -2.03909E-02  1.06000E+00 18.0
    647  7  7  240   4 2p2(3PE) 8g     -1.56130E-02  1.06478E+00 18.0
    648  7  7  240   5 2p2(3PE) 9g     -1.23370E-02  1.06805E+00 18.0
    649  7  7  241   1 2p2(3PE) 4f     -6.26433E-02  1.01775E+00 18.0
    650  7  7  241   2 2p2(3PE) 5f     -4.00788E-02  1.04031E+00 18.0
    651  7  7  241   3 2p2(3PE) 6f     -2.78240E-02  1.05257E+00 18.0
    652  7  7  241   4 2p2(3PE) 6h     -2.77827E-02  1.05261E+00 18.0
    653  7  7  241   5 2p2(3PE) 7f     -2.04376E-02  1.05995E+00 18.0
    654  7  7  241   6 2p2(3PE) 7h     -2.04113E-02  1.05998E+00 18.0
    655  7  7  241   7 2p2(3PE) 8f     -1.56449E-02  1.06475E+00 18.0
    656  7  7  241   8 2p2(3PE) 8h     -1.56272E-02  1.06476E+00 18.0
    657  7  7  241   9 2p2(3PE) 9f     -1.23598E-02  1.06803E+00 18.0
    658  7  7  241  10 2p2(3PE) 9h     -1.23473E-02  1.06804E+00 18.0
    659  7  7  241  11 2p2(3PE)10f     -1.00103E-02  1.07038E+00 18.0
    660  7  7  400   1 2p3(3PO) 3p      7.99007E-01  1.87940E+00  4.0
    661  7  7  400   2 2p3(3PO) 4p      9.01684E-01  1.98207E+00  4.0
    662  7  7  400   3 2p3(3PO) 5p      9.40133E-01  2.02052E+00  4.0
    663  7  7  400   4 2p3(3PO) 6p      9.58780E-01  2.03917E+00  4.0
    664  7  7  400   5 2p3(3PO) 7p      9.69238E-01  2.04963E+00  4.0
    665  7  7  400   6 2p3(3PO) 8p      9.75689E-01  2.05608E+00  4.0
    666  7  7  400   7 2p3(3PO) 9p      9.79948E-01  2.06034E+00  4.0
    667  7  7  400   8 2p3(3PO)10p      9.82906E-01  2.06330E+00  4.0
    668  7  7  401   1 2s2 2p3         -1.08039E+00  0.00000E+00  4.0
    669  7  7  401   2 2p2(3PE) 3p     -1.85261E-01  8.95129E-01  4.0
    670  7  7  401   3 2p2(3PE) 4p     -8.92726E-02  9.91117E-01  4.0
    671  7  7  401   4 2p2(3PE) 5p     -5.27597E-02  1.02763E+00  4.0
    672  7  7  401   5 2p2(3PE) 6p     -3.48474E-02  1.04554E+00  4.0
    673  7  7  401   6 2p2(3PE) 7p     -2.47336E-02  1.05566E+00  4.0
    674  7  7  401   7 2p2(3PE) 8p     -1.84636E-02  1.06193E+00  4.0
    675  7  7  401   8 2p2(3PE) 9p     -1.43086E-02  1.06608E+00  4.0
    676  7  7  401   9 2p2(3PE)10p     -1.14137E-02  1.06898E+00  4.0
    677  7  7  410   1 2p2(3PE) 3s     -3.09527E-01  7.70863E-01 12.0
    678  7  7  410   2 2s 2p4          -2.74321E-01  8.06069E-01 12.0
    679  7  7  410   3 2p2(3PE) 4s     -1.22775E-01  9.57615E-01 12.0
    680  7  7  410   4 2p2(3PE) 3d     -1.12759E-01  9.67631E-01 12.0
    681  7  7  410   5 2p2(3PE) 5s     -6.71880E-02  1.01320E+00 12.0
    682  7  7  410   6 2p2(3PE) 4d     -6.31612E-02  1.01723E+00 12.0
    683  7  7  410   7 2p2(3PE) 6s     -4.23384E-02  1.03805E+00 12.0
    684  7  7  410   8 2p2(3PE) 5d     -4.03625E-02  1.04003E+00 12.0
    685  7  7  410   9 2p2(3PE) 7s     -2.91109E-02  1.05128E+00 12.0
    686  7  7  410  10 2p2(3PE) 6d     -2.79949E-02  1.05240E+00 12.0
    687  7  7  410  11 2p2(3PE) 8s     -2.12397E-02  1.05915E+00 12.0
    688  7  7  410  12 2p2(3PE) 7d     -2.05474E-02  1.05984E+00 12.0
    689  7  7  410  13 2p2(3PE) 9s     -1.61784E-02  1.06421E+00 12.0
    690  7  7  410  14 2p2(3PE) 8d     -1.57192E-02  1.06467E+00 12.0
    691  7  7  410  15 2p2(3PE)10s     -1.27325E-02  1.06766E+00 12.0
    692  7  7  410  16 2p2(3PE) 9d     -1.24123E-02  1.06798E+00 12.0
    693  7  7  410  17 2p2(3PE)11s     -1.02810E-02  1.07011E+00 12.0
    694  7  7  410  18 2p2(3PE)10d     -1.00488E-02  1.07034E+00 12.0
    695  7  7  411   1 2p2(3PE) 3p     -1.95908E-01  8.84482E-01 12.0
    696  7  7  411   2 2p2(3PE) 4p     -9.30727E-02  9.87317E-01 12.0
    697  7  7  411   3 2p2(3PE) 5p     -5.44979E-02  1.02589E+00 12.0
    698  7  7  411   4 2p2(3PE) 6p     -3.57879E-02  1.04460E+00 12.0
    699  7  7  411   5 2p2(3PE) 7p     -2.52958E-02  1.05509E+00 12.0
    700  7  7  411   6 2p2(3PE) 8p     -1.88252E-02  1.06156E+00 12.0
    701  7  7  411   7 2p2(3PE) 9p     -1.45546E-02  1.06584E+00 12.0
    702  7  7  411   8 2p2(3PE)10p     -1.15885E-02  1.06880E+00 12.0
    703  7  7  420   1 2p2(3PE) 3d     -1.11218E-01  9.69172E-01 20.0
    704  7  7  420   2 2p2(3PE) 4d     -6.28097E-02  1.01758E+00 20.0
    705  7  7  420   3 2p2(3PE) 5d     -4.01992E-02  1.04019E+00 20.0
    706  7  7  420   4 2p2(3PE) 6d     -2.79065E-02  1.05248E+00 20.0
    707  7  7  420   5 2p2(3PE) 7d     -2.04947E-02  1.05990E+00 20.0
    708  7  7  420   6 2p2(3PE) 8d     -1.56854E-02  1.06470E+00 20.0
    709  7  7  420   7 2p2(3PE) 9d     -1.23893E-02  1.06800E+00 20.0
    710  7  7  420   8 2p2(3PE)10d     -1.00325E-02  1.07036E+00 20.0
    711  7  7  421   1 2p2(3PE) 3p     -2.02552E-01  8.77838E-01 20.0
    712  7  7  421   2 2p2(3PE) 4p     -9.49093E-02  9.85481E-01 20.0
    713  7  7  421   3 2p2(3PE) 4f     -6.27664E-02  1.01762E+00 20.0
    714  7  7  421   4 2p2(3PE) 5p     -5.52597E-02  1.02513E+00 20.0
    715  7  7  421   5 2p2(3PE) 5f     -4.01427E-02  1.04025E+00 20.0
    716  7  7  421   6 2p2(3PE) 6p     -3.61754E-02  1.04421E+00 20.0
    717  7  7  421   7 2p2(3PE) 6f     -2.78594E-02  1.05253E+00 20.0
    718  7  7  421   8 2p2(3PE) 7p     -2.55210E-02  1.05487E+00 20.0
    719  7  7  421   9 2p2(3PE) 7f     -2.04593E-02  1.05993E+00 20.0
    720  7  7  421  10 2p2(3PE) 8p     -1.89680E-02  1.06142E+00 20.0
    721  7  7  421  11 2p2(3PE) 8f     -1.56592E-02  1.06473E+00 20.0
    722  7  7  421  12 2p2(3PE) 9p     -1.46509E-02  1.06574E+00 20.0
    723  7  7  421  13 2p2(3PE) 9f     -1.23697E-02  1.06802E+00 20.0
    724  7  7  421  14 2p2(3PE)10p     -1.16565E-02  1.06873E+00 20.0
    725  7  7  421  15 2p2(3PE)10f     -1.00175E-02  1.07037E+00 20.0
    726  7  7  430   1 2p2(3PE) 3d     -1.13751E-01  9.66639E-01 28.0
    727  7  7  430   2 2p2(3PE) 4d     -6.38227E-02  1.01657E+00 28.0
    728  7  7  430   3 2p2(3PE) 5d     -4.07327E-02  1.03966E+00 28.0
    729  7  7  430   4 2p2(3PE) 5g     -4.00323E-02  1.04036E+00 28.0
    730  7  7  430   5 2p2(3PE) 6d     -2.82184E-02  1.05217E+00 28.0
    731  7  7  430   6 2p2(3PE) 6g     -2.78015E-02  1.05259E+00 28.0
    732  7  7  430   7 2p2(3PE) 7d     -2.06916E-02  1.05970E+00 28.0
    733  7  7  430   8 2p2(3PE) 7g     -2.04247E-02  1.05997E+00 28.0
    734  7  7  430   9 2p2(3PE) 8d     -1.58174E-02  1.06457E+00 28.0
    735  7  7  430  10 2p2(3PE) 8g     -1.56367E-02  1.06475E+00 28.0
    736  7  7  430  11 2p2(3PE) 9d     -1.24820E-02  1.06791E+00 28.0
    737  7  7  430  12 2p2(3PE) 9g     -1.23542E-02  1.06804E+00 28.0
    738  7  7  430  13 2p2(3PE)10d     -1.01000E-02  1.07029E+00 28.0
    739  7  7  430  14 2p2(3PE)10g     -1.00063E-02  1.07038E+00 28.0
    740  7  7  431   1 2p2(3PE) 4f     -6.22916E-02  1.01810E+00 28.0
    741  7  7  431   2 2p2(3PE) 5f     -3.98971E-02  1.04049E+00 28.0
    742  7  7  431   3 2p2(3PE) 6f     -2.77225E-02  1.05267E+00 28.0
    743  7  7  431   4 2p2(3PE) 7f     -2.03749E-02  1.06002E+00 28.0
    744  7  7  431   5 2p2(3PE) 8f     -1.56033E-02  1.06479E+00 28.0
    745  7  7  431   6 2p2(3PE) 9f     -1.23307E-02  1.06806E+00 28.0
    746  7  7  440   1 2p2(3PE) 5g     -3.99639E-02  1.04043E+00 36.0
    747  7  7  440   2 2p2(3PE) 6g     -2.77526E-02  1.05264E+00 36.0
    748  7  7  440   3 2p2(3PE) 7g     -2.03909E-02  1.06000E+00 36.0
    749  7  7  440   4 2p2(3PE) 8g     -1.56130E-02  1.06478E+00 36.0
    750  7  7  440   5 2p2(3PE) 9g     -1.23370E-02  1.06805E+00 36.0
    751  7  7  441   1 2p2(3PE) 4f     -6.26465E-02  1.01774E+00 36.0
    752  7  7  441   2 2p2(3PE) 5f     -4.00815E-02  1.04031E+00 36.0
    753  7  7  441   3 2p2(3PE) 6f     -2.78259E-02  1.05256E+00 36.0
    754  7  7  441   4 2p2(3PE) 6h     -2.77828E-02  1.05261E+00 36.0
    755  7  7  441   5 2p2(3PE) 7f     -2.04390E-02  1.05995E+00 36.0
    756  7  7  441   6 2p2(3PE) 7h     -2.04114E-02  1.05998E+00 36.0
    757  7  7  441   7 2p2(3PE) 8f     -1.56459E-02  1.06474E+00 36.0
    758  7  7  441   8 2p2(3PE) 8h     -1.56272E-02  1.06476E+00 36.0
    759  7  7  441   9 2p2(3PE) 9f     -1.23605E-02  1.06803E+00 36.0
    760  7  7  441  10 2p2(3PE) 9h     -1.23473E-02  1.06804E+00 36.0
    761  7  7  441  11 2p2(3PE)10f     -1.00108E-02  1.07038E+00 36.0
    762  7  7  601   1 2p3(5SO) 3s      1.17351E-01  1.19774E+00  6.0
    763  7  7  601   2 2p3(5SO) 4s      3.02218E-01  1.38261E+00  6.0
    764  7  7  601   3 2p3(5SO) 5s      3.58249E-01  1.43864E+00  6.0
    765  7  7  601   4 2p3(5SO) 6s      3.83156E-01  1.46355E+00  6.0
    766  7  7  601   5 2p3(5SO) 7s      3.96399E-01  1.47679E+00  6.0
    767  7  7  601   6 2p3(5SO) 8s      4.04276E-01  1.48467E+00  6.0
    768  7  7  601   7 2p3(5SO) 9s      4.09340E-01  1.48973E+00  6.0
    769  7  7  601   8 2p3(5SO)10s      4.12787E-01  1.49318E+00  6.0
    770  7  7  601   9 2p3(5SO)11s      4.15240E-01  1.49563E+00  6.0
    771  7  7  610   1 2p3(5SO) 3p      2.24091E-01  1.30448E+00 18.0
    772  7  7  610   2 2p3(5SO) 4p      3.30868E-01  1.41126E+00 18.0
    773  7  7  610   3 2p3(5SO) 5p      3.70364E-01  1.45075E+00 18.0
    774  7  7  610   4 2p3(5SO) 6p      3.89398E-01  1.46979E+00 18.0
    775  7  7  610   5 2p3(5SO) 7p      4.00031E-01  1.48042E+00 18.0
    776  7  7  610   6 2p3(5SO) 8p      4.06573E-01  1.48696E+00 18.0
    777  7  7  610   7 2p3(5SO) 9p      4.10884E-01  1.49127E+00 18.0
    778  7  7  610   8 2p3(5SO)10p      4.13874E-01  1.49426E+00 18.0
    779  7  7  621   1 2p3(5SO) 3d      3.12804E-01  1.39319E+00 30.0
    780  7  7  621   2 2p3(5SO) 4d      3.62093E-01  1.44248E+00 30.0
    781  7  7  621   3 2p3(5SO) 5d      3.84988E-01  1.46538E+00 30.0
    782  7  7  621   4 2p3(5SO) 6d      3.97418E-01  1.47781E+00 30.0
    783  7  7  621   5 2p3(5SO) 7d      4.04902E-01  1.48529E+00 30.0
    784  7  7  621   6 2p3(5SO) 8d      4.09752E-01  1.49014E+00 30.0
    785  7  7  621   7 2p3(5SO) 9d      4.13073E-01  1.49346E+00 30.0
    786  7  7  621   8 2p3(5SO)10d      4.15446E-01  1.49584E+00 30.0
    787  7  7  630   1 2p3(5SO) 4f      3.63015E-01  1.44340E+00 42.0
    788  7  7  630   2 2p3(5SO) 5f      3.85517E-01  1.46591E+00 42.0
    789  7  7  630   3 2p3(5SO) 6f      3.97741E-01  1.47813E+00 42.0
    790  7  7  630   4 2p3(5SO) 7f      4.05112E-01  1.48550E+00 42.0
    791  7  7  630   5 2p3(5SO) 8f      4.09895E-01  1.49028E+00 42.0
    792  7  7  630   6 2p3(5SO) 9f      4.13175E-01  1.49356E+00 42.0
    793  7  7  630   7 2p3(5SO)10f      4.15521E-01  1.49591E+00 42.0
    794  7  7  641   1 2p3(5SO) 5g      3.85522E-01  1.46591E+00 54.0
    795  7  7  641   2 2p3(5SO) 6g      3.97744E-01  1.47813E+00 54.0
    796  7  7  641   3 2p3(5SO) 7g      4.05114E-01  1.48550E+00 54.0
    797  7  7  641   4 2p3(5SO) 8g      4.09897E-01  1.49029E+00 54.0
    798  7  7  641   5 2p3(5SO) 9g      4.13176E-01  1.49357E+00 54.0
    799  7  7  641   6 2p3(5SO)10g      4.15522E-01  1.49591E+00 54.0
 ====================================================================
