 ====================================================================
      i NZ NE iSLP iLV iCONF                 E(RYD)      TE(RYD)   gi
 ====================================================================
      1  8  6  100   1 2s2 2p2         -3.62565E+00  4.11000E-01  1.0
      2  8  6  100   2 2s2 2p 3p       -1.16886E+00  2.86779E+00  1.0
      3  8  6  100   3 2p4             -8.76307E-01  3.16034E+00  1.0
      4  8  6  100   4 2s2 2p 4p       -6.29693E-01  3.40696E+00  1.0
      5  8  6  100   5 2s2 2p 5p       -3.93482E-01  3.64317E+00  1.0
      6  8  6  100   6 2s2 2p 6p       -2.69132E-01  3.76752E+00  1.0
      7  8  6  100   7 2s2 2p 7p       -1.95654E-01  3.84100E+00  1.0
      8  8  6  100   8 2s2 2p 8p       -1.48638E-01  3.88801E+00  1.0
      9  8  6  100   9 2s2 2p 9p       -1.16744E-01  3.91991E+00  1.0
     10  8  6  100  10 2s2 2p10p       -9.41177E-02  3.94253E+00  1.0
     11  8  6  101   1 2s2p2(2PE) 3p    2.72705E-01  4.30936E+00  1.0
     12  8  6  101   2 2s2p2(2PE) 4p    9.58430E-01  4.99508E+00  1.0
     13  8  6  101   3 2s2p2(2PE) 5p    1.23036E+00  5.26701E+00  1.0
     14  8  6  101   4 2p3(2DO) 3d      1.28811E+00  5.32476E+00  1.0
     15  8  6  101   5 2s2p2(2PE) 6p    1.37878E+00  5.41543E+00  1.0
     16  8  6  101   6 2s2p2(2PE) 7p    1.45866E+00  5.49531E+00  1.0
     17  8  6  101   7 2s2p2(2PE) 8p    1.50952E+00  5.54617E+00  1.0
     18  8  6  101   8 2s2p2(2PE) 9p    1.54373E+00  5.58038E+00  1.0
     19  8  6  101   9 2s2p2(2PE)10p    1.56782E+00  5.60447E+00  1.0
     20  8  6  110   1 2s2 2p 3p       -1.38387E+00  2.65278E+00  3.0
     21  8  6  110   2 2s2 2p 4p       -7.04937E-01  3.33171E+00  3.0
     22  8  6  110   3 2s2 2p 5p       -4.29483E-01  3.60717E+00  3.0
     23  8  6  110   4 2s2 2p 6p       -2.89191E-01  3.74746E+00  3.0
     24  8  6  110   5 2s2 2p 7p       -2.07978E-01  3.82867E+00  3.0
     25  8  6  110   6 2s2 2p 8p       -1.56748E-01  3.87990E+00  3.0
     26  8  6  110   7 2s2 2p 9p       -1.22359E-01  3.91429E+00  3.0
     27  8  6  110   8 2s2 2p10p       -9.81604E-02  3.93849E+00  3.0
     28  8  6  111   1 2s 2p3          -2.08720E+00  1.94945E+00  3.0
     29  8  6  111   2 2s2 2p 3s       -1.54188E+00  2.49477E+00  3.0
     30  8  6  111   3 2s2 2p 3d       -9.96638E-01  3.04001E+00  3.0
     31  8  6  111   4 2s2 2p 4s       -7.68938E-01  3.26771E+00  3.0
     32  8  6  111   5 2s2 2p 4d       -5.63790E-01  3.47286E+00  3.0
     33  8  6  111   6 2s2 2p 5s       -4.59993E-01  3.57666E+00  3.0
     34  8  6  111   7 2s2 2p 5d       -3.61128E-01  3.67552E+00  3.0
     35  8  6  111   8 2s2 2p 6s       -3.05899E-01  3.73075E+00  3.0
     36  8  6  111   9 2s2 2p 6d       -2.50823E-01  3.78583E+00  3.0
     37  8  6  111  10 2s2 2p 7s       -2.18053E-01  3.81860E+00  3.0
     38  8  6  111  11 2s2 2p 7d       -1.84287E-01  3.85236E+00  3.0
     39  8  6  111  12 2s2 2p 8s       -1.63265E-01  3.87339E+00  3.0
     40  8  6  111  13 2s2 2p 8d       -1.41129E-01  3.89552E+00  3.0
     41  8  6  111  14 2s2 2p 9s       -1.26810E-01  3.90984E+00  3.0
     42  8  6  111  15 2s2 2p 9d       -1.11745E-01  3.92491E+00  3.0
     43  8  6  111  16 2s2p2(2DE) 3p   -1.01871E-01  3.93478E+00  3.0
     44  8  6  111  17 2s2 2p10s       -1.01005E-01  3.93565E+00  3.0
     45  8  6  120   1 2s2 2p2         -3.84744E+00  1.89210E-01  5.0
     46  8  6  120   2 2p4             -1.30711E+00  2.72954E+00  5.0
     47  8  6  120   3 2s2 2p 3p       -1.23841E+00  2.79824E+00  5.0
     48  8  6  120   4 2s2 2p 4p       -6.57341E-01  3.37931E+00  5.0
     49  8  6  120   5 2s2 2p 4f       -5.62080E-01  3.47457E+00  5.0
     50  8  6  120   6 2s2 2p 5p       -4.11352E-01  3.62530E+00  5.0
     51  8  6  120   7 2s2 2p 5f       -3.60142E-01  3.67651E+00  5.0
     52  8  6  120   8 2s2p2(2DE) 3s   -3.38389E-01  3.69826E+00  5.0
     53  8  6  120   9 2s2 2p 6p       -2.72680E-01  3.76397E+00  5.0
     54  8  6  120  10 2s2 2p 6f       -2.50160E-01  3.78649E+00  5.0
     55  8  6  120  11 2s2 2p 7p       -1.98864E-01  3.83779E+00  5.0
     56  8  6  120  12 2s2 2p 7f       -1.83833E-01  3.85282E+00  5.0
     57  8  6  120  13 2s2 2p 8p       -1.50882E-01  3.88577E+00  5.0
     58  8  6  120  14 2s2 2p 8f       -1.40759E-01  3.89589E+00  5.0
     59  8  6  120  15 2s2 2p 9p       -1.18319E-01  3.91833E+00  5.0
     60  8  6  120  16 2s2 2p 9f       -1.11219E-01  3.92543E+00  5.0
     61  8  6  120  17 2s2 2p10p       -9.52485E-02  3.94140E+00  5.0
     62  8  6  120  18 2s2 2p10f       -9.00860E-02  3.94656E+00  5.0
     63  8  6  121   1 2s 2p3          -2.31242E+00  1.72423E+00  5.0
     64  8  6  121   2 2s2 2p 3d       -1.07543E+00  2.96122E+00  5.0
     65  8  6  121   3 2s2 2p 4d       -5.95952E-01  3.44070E+00  5.0
     66  8  6  121   4 2s2 2p 5d       -3.77850E-01  3.65880E+00  5.0
     67  8  6  121   5 2s2 2p 6d       -2.60779E-01  3.77587E+00  5.0
     68  8  6  121   6 2s2 2p 7d       -1.91178E-01  3.84547E+00  5.0
     69  8  6  121   7 2s2p2(2DE) 3p   -1.52623E-01  3.88403E+00  5.0
     70  8  6  121   8 2s2 2p 8d       -1.41209E-01  3.89544E+00  5.0
     71  8  6  121   9 2s2 2p 9d       -1.13536E-01  3.92311E+00  5.0
     72  8  6  121  10 2s2 2p10d       -9.19356E-02  3.94471E+00  5.0
     73  8  6  130   1 2s2 2p 4f       -5.68635E-01  3.46802E+00  7.0
     74  8  6  130   2 2s2 2p 5f       -3.63969E-01  3.67268E+00  7.0
     75  8  6  130   3 2s2 2p 6f       -2.52558E-01  3.78409E+00  7.0
     76  8  6  130   4 2s2 2p 7f       -1.85398E-01  3.85125E+00  7.0
     77  8  6  130   5 2s2 2p 8f       -1.41838E-01  3.89481E+00  7.0
     78  8  6  130   6 2s2 2p 9f       -1.11995E-01  3.92466E+00  7.0
     79  8  6  130   7 2s2 2p10f       -9.06636E-02  3.94599E+00  7.0
     80  8  6  131   1 2s2 2p 3d       -1.00841E+00  3.02824E+00  7.0
     81  8  6  131   2 2s2 2p 4d       -5.67372E-01  3.46928E+00  7.0
     82  8  6  131   3 2s2 2p 5d       -3.63011E-01  3.67364E+00  7.0
     83  8  6  131   4 2s2 2p 5g       -3.59898E-01  3.67675E+00  7.0
     84  8  6  131   5 2s2 2p 6d       -2.52086E-01  3.78456E+00  7.0
     85  8  6  131   6 2s2 2p 6g       -2.49925E-01  3.78673E+00  7.0
     86  8  6  131   7 2s2 2p 7d       -1.85455E-01  3.85120E+00  7.0
     87  8  6  131   8 2s2 2p 7g       -1.83624E-01  3.85303E+00  7.0
     88  8  6  131   9 2s2 2p 8d       -1.44389E-01  3.89226E+00  7.0
     89  8  6  131  10 2s2 2p 8g       -1.40592E-01  3.89606E+00  7.0
     90  8  6  131  11 2s2p2(2DE) 3p   -1.33831E-01  3.90282E+00  7.0
     91  8  6  131  12 2s2 2p 9g       -1.11096E-01  3.92555E+00  7.0
     92  8  6  131  13 2s2 2p 9d       -1.10941E-01  3.92571E+00  7.0
     93  8  6  131  14 2s2 2p10d       -9.01089E-02  3.94654E+00  7.0
     94  8  6  140   1 2s2 2p 4f       -5.63163E-01  3.47349E+00  9.0
     95  8  6  140   2 2s2 2p 5f       -3.60599E-01  3.67605E+00  9.0
     96  8  6  140   3 2s2 2p 6f       -2.50478E-01  3.78617E+00  9.0
     97  8  6  140   4 2s2 2p 6h       -2.49975E-01  3.78668E+00  9.0
     98  8  6  140   5 2s2 2p 7f       -1.84036E-01  3.85261E+00  9.0
     99  8  6  140   6 2s2 2p 7h       -1.83649E-01  3.85300E+00  9.0
    100  8  6  140   7 2s2 2p 8f       -1.40900E-01  3.89575E+00  9.0
    101  8  6  140   8 2s2 2p 8h       -1.40605E-01  3.89605E+00  9.0
    102  8  6  140   9 2s2 2p 9f       -1.11323E-01  3.92533E+00  9.0
    103  8  6  140  10 2s2 2p 9h       -1.11096E-01  3.92555E+00  9.0
    104  8  6  140  11 2s2 2p10f       -9.01662E-02  3.94648E+00  9.0
    105  8  6  141   1 2s2 2p 5g       -3.60367E-01  3.67628E+00  9.0
    106  8  6  141   2 2s2 2p 6g       -2.50337E-01  3.78631E+00  9.0
    107  8  6  141   3 2s2 2p 7g       -1.83933E-01  3.85272E+00  9.0
    108  8  6  141   4 2s2 2p 8g       -1.40819E-01  3.89583E+00  9.0
    109  8  6  141   5 2s2 2p 9g       -1.11256E-01  3.92539E+00  9.0
    110  8  6  141   6 2s2 2p10g       -9.01108E-02  3.94654E+00  9.0
    111  8  6  150   1 2s2 2p 6h       -2.50013E-01  3.78664E+00 11.0
    112  8  6  150   2 2s2 2p 7h       -1.83689E-01  3.85296E+00 11.0
    113  8  6  150   3 2s2 2p 8h       -1.40640E-01  3.89601E+00 11.0
    114  8  6  150   4 2s2 2p 9h       -1.11124E-01  3.92553E+00 11.0
    115  8  6  150   5 2s2 2p10h       -9.00104E-02  3.94664E+00 11.0
    116  8  6  151   1 2s2 2p 5g       -3.60000E-01  3.67665E+00 11.0
    117  8  6  151   2 2s2 2p 6g       -2.50007E-01  3.78664E+00 11.0
    118  8  6  151   3 2s2 2p 7g       -1.83670E-01  3.85298E+00 11.0
    119  8  6  151   4 2s2 2p 7i       -1.83669E-01  3.85298E+00 11.0
    120  8  6  151   5 2s2 2p 8i       -1.40620E-01  3.89603E+00 11.0
    121  8  6  151   6 2s2 2p 8g       -1.40620E-01  3.89603E+00 11.0
    122  8  6  151   7 2s2 2p 9i       -1.11107E-01  3.92554E+00 11.0
    123  8  6  151   8 2s2 2p 9g       -1.11107E-01  3.92554E+00 11.0
    124  8  6  151   9 2s2 2p10i       -8.99961E-02  3.94665E+00 11.0
    125  8  6  160   1 2s2 2p 6h       -2.49999E-01  3.78665E+00 13.0
    126  8  6  160   2 2s2 2p 7h       -1.83672E-01  3.85298E+00 13.0
    127  8  6  160   3 2s2 2p 8h       -1.40624E-01  3.89603E+00 13.0
    128  8  6  160   4 2s2 2p 9h       -1.11110E-01  3.92554E+00 13.0
    129  8  6  161   1 2s2 2p 7i       -1.83674E-01  3.85298E+00 13.0
    130  8  6  161   2 2s2 2p 8i       -1.40625E-01  3.89603E+00 13.0
    131  8  6  161   3 2s2 2p 9i       -1.11111E-01  3.92554E+00 13.0
    132  8  6  161   4 2s2 2p10i       -9.00004E-02  3.94665E+00 13.0
    133  8  6  300   1 2s2 2p 3p       -1.32184E+00  2.71481E+00  3.0
    134  8  6  300   2 2s2 2p 4p       -6.87190E-01  3.34946E+00  3.0
    135  8  6  300   3 2s2 2p 5p       -4.21225E-01  3.61543E+00  3.0
    136  8  6  300   4 2s2 2p 6p       -2.84782E-01  3.75187E+00  3.0
    137  8  6  300   5 2s2 2p 7p       -2.05465E-01  3.83119E+00  3.0
    138  8  6  300   6 2s2 2p 8p       -1.55308E-01  3.88134E+00  3.0
    139  8  6  300   7 2s2 2p 9p       -1.21616E-01  3.91503E+00  3.0
    140  8  6  300   8 2s2 2p10p       -9.79600E-02  3.93869E+00  3.0
    141  8  6  301   1 2s 2p3          -2.21552E+00  1.82113E+00  3.0
    142  8  6  301   2 2s2p2(4PE) 3p   -7.43939E-01  3.29271E+00  3.0
    143  8  6  301   3 2s2p2(4PE) 4p   -7.50216E-02  3.96163E+00  3.0
    144  8  6  301   4 2s2p2(4PE) 5p    1.98952E-01  4.23560E+00  3.0
    145  8  6  301   5 2s2p2(4PE) 6p    3.38963E-01  4.37561E+00  3.0
    146  8  6  301   6 2s2p2(2PE) 3p    3.81268E-01  4.41792E+00  3.0
    147  8  6  301   7 2s2p2(4PE) 7p    4.20486E-01  4.45714E+00  3.0
    148  8  6  301   8 2s2p2(4PE) 8p    4.71727E-01  4.50838E+00  3.0
    149  8  6  301   9 2s2p2(4PE) 9p    5.06190E-01  4.54284E+00  3.0
    150  8  6  301  10 2s2p2(4PE)10p    5.30463E-01  4.56711E+00  3.0
    151  8  6  310   1 2s2 2p2         -4.03665E+00  0.00000E+00  9.0
    152  8  6  310   2 2p4             -1.44359E+00  2.59306E+00  9.0
    153  8  6  310   3 2s2 2p 3p       -1.29816E+00  2.73849E+00  9.0
    154  8  6  310   4 2s2p2(4PE) 3s   -8.56921E-01  3.17973E+00  9.0
    155  8  6  310   5 2s2 2p 4p       -6.61521E-01  3.37513E+00  9.0
    156  8  6  310   6 2s2 2p 5p       -4.12962E-01  3.62369E+00  9.0
    157  8  6  310   7 2s2p2(4PE) 3d   -4.01939E-01  3.63471E+00  9.0
    158  8  6  310   8 2s2 2p 6p       -2.80913E-01  3.75574E+00  9.0
    159  8  6  310   9 2s2 2p 7p       -2.03650E-01  3.83300E+00  9.0
    160  8  6  310  10 2s2 2p 8p       -1.55076E-01  3.88157E+00  9.0
    161  8  6  310  11 2s2 2p 9p       -1.25574E-01  3.91108E+00  9.0
    162  8  6  310  12 2s2p2(4PE) 4s   -1.12405E-01  3.92425E+00  9.0
    163  8  6  310  13 2s2 2p10p       -9.46901E-02  3.94196E+00  9.0
    164  8  6  311   1 2s 2p3          -2.73082E+00  1.30583E+00  9.0
    165  8  6  311   2 2s2 2p 3s       -1.59644E+00  2.44021E+00  9.0
    166  8  6  311   3 2s2 2p 3d       -1.03000E+00  3.00665E+00  9.0
    167  8  6  311   4 2s2 2p 4s       -7.85568E-01  3.25108E+00  9.0
    168  8  6  311   5 2s2p2(4PE) 3p   -5.96343E-01  3.44031E+00  9.0
    169  8  6  311   6 2s2 2p 4d       -5.72863E-01  3.46379E+00  9.0
    170  8  6  311   7 2s2 2p 5s       -4.66554E-01  3.57010E+00  9.0
    171  8  6  311   8 2s2 2p 5d       -3.69319E-01  3.66733E+00  9.0
    172  8  6  311   9 2s2 2p 6s       -3.09855E-01  3.72680E+00  9.0
    173  8  6  311  10 2s2 2p 6d       -2.55663E-01  3.78099E+00  9.0
    174  8  6  311  11 2s2 2p 7s       -2.20694E-01  3.81596E+00  9.0
    175  8  6  311  12 2s2 2p 7d       -1.87342E-01  3.84931E+00  9.0
    176  8  6  311  13 2s2 2p 8s       -1.65325E-01  3.87133E+00  9.0
    177  8  6  311  14 2s2 2p 8d       -1.43149E-01  3.89350E+00  9.0
    178  8  6  311  15 2s2 2p 9s       -1.29245E-01  3.90741E+00  9.0
    179  8  6  311  16 2s2p2(2DE) 3p   -1.14879E-01  3.92177E+00  9.0
    180  8  6  311  17 2s2 2p 9d       -1.12574E-01  3.92408E+00  9.0
    181  8  6  311  18 2s2 2p10s       -1.01054E-01  3.93560E+00  9.0
    182  8  6  311  19 2s2 2p10d       -9.12797E-02  3.94537E+00  9.0
    183  8  6  320   1 2s2 2p 3p       -1.35487E+00  2.68178E+00 15.0
    184  8  6  320   2 2s2 2p 4p       -6.97645E-01  3.33901E+00 15.0
    185  8  6  320   3 2s2 2p 4f       -5.62706E-01  3.47394E+00 15.0
    186  8  6  320   4 2s2 2p 5p       -4.39770E-01  3.59688E+00 15.0
    187  8  6  320   5 2s2p2(2DE) 3s   -4.01011E-01  3.63564E+00 15.0
    188  8  6  320   6 2s2 2p 5f       -3.60637E-01  3.67601E+00 15.0
    189  8  6  320   7 2s2p2(4PE) 3d   -3.49366E-01  3.68728E+00 15.0
    190  8  6  320   8 2s2 2p 6p       -2.84611E-01  3.75204E+00 15.0
    191  8  6  320   9 2s2 2p 6f       -2.50504E-01  3.78615E+00 15.0
    192  8  6  320  10 2s2 2p 7p       -2.05433E-01  3.83122E+00 15.0
    193  8  6  320  11 2s2 2p 7f       -1.84073E-01  3.85258E+00 15.0
    194  8  6  320  12 2s2 2p 8p       -1.55088E-01  3.88156E+00 15.0
    195  8  6  320  13 2s2 2p 8f       -1.40931E-01  3.89572E+00 15.0
    196  8  6  320  14 2s2 2p 9p       -1.21196E-01  3.91545E+00 15.0
    197  8  6  320  15 2s2 2p 9f       -1.11346E-01  3.92530E+00 15.0
    198  8  6  320  16 2s2 2p10p       -9.73070E-02  3.93934E+00 15.0
    199  8  6  320  17 2s2 2p10f       -9.01823E-02  3.94647E+00 15.0
    200  8  6  321   1 2s 2p3          -2.94463E+00  1.09202E+00 15.0
    201  8  6  321   2 2s2 2p 3d       -1.05116E+00  2.98549E+00 15.0
    202  8  6  321   3 2s2p2(4PE) 3p   -6.35414E-01  3.40124E+00 15.0
    203  8  6  321   4 2s2 2p 4d       -5.81042E-01  3.45561E+00 15.0
    204  8  6  321   5 2s2 2p 5d       -3.70921E-01  3.66573E+00 15.0
    205  8  6  321   6 2s2 2p 6d       -2.56493E-01  3.78016E+00 15.0
    206  8  6  321   7 2s2 2p 7d       -1.87839E-01  3.84881E+00 15.0
    207  8  6  321   8 2s2p2(4PE) 4p   -1.56786E-01  3.87986E+00 15.0
    208  8  6  321   9 2s2 2p 8d       -1.43400E-01  3.89325E+00 15.0
    209  8  6  321  10 2s2 2p 9d       -1.13096E-01  3.92355E+00 15.0
    210  8  6  321  11 2s2 2p10d       -9.14625E-02  3.94519E+00 15.0
    211  8  6  330   1 2s2 2p 4f       -5.68357E-01  3.46829E+00 21.0
    212  8  6  330   2 2s2p2(4PE) 3d   -3.91739E-01  3.64491E+00 21.0
    213  8  6  330   3 2s2 2p 5f       -3.63657E-01  3.67299E+00 21.0
    214  8  6  330   4 2s2 2p 6f       -2.52388E-01  3.78426E+00 21.0
    215  8  6  330   5 2s2 2p 7f       -1.85283E-01  3.85137E+00 21.0
    216  8  6  330   6 2s2 2p 8f       -1.41758E-01  3.89489E+00 21.0
    217  8  6  330   7 2s2 2p 9f       -1.11938E-01  3.92471E+00 21.0
    218  8  6  330   8 2s2 2p10f       -9.06214E-02  3.94603E+00 21.0
    219  8  6  331   1 2s2 2p 3d       -1.07575E+00  2.96090E+00 21.0
    220  8  6  331   2 2s2 2p 4d       -5.97691E-01  3.43896E+00 21.0
    221  8  6  331   3 2s2 2p 5d       -3.78410E-01  3.65824E+00 21.0
    222  8  6  331   4 2s2 2p 5g       -3.59929E-01  3.67672E+00 21.0
    223  8  6  331   5 2s2 2p 6d       -2.60745E-01  3.77591E+00 21.0
    224  8  6  331   6 2s2 2p 6g       -2.49947E-01  3.78670E+00 21.0
    225  8  6  331   7 2s2 2p 7d       -1.90515E-01  3.84614E+00 21.0
    226  8  6  331   8 2s2 2p 7g       -1.83641E-01  3.85301E+00 21.0
    227  8  6  331   9 2s2p2(2DE) 3p   -1.67644E-01  3.86901E+00 21.0
    228  8  6  331  10 2s2 2p 8d       -1.45110E-01  3.89154E+00 21.0
    229  8  6  331  11 2s2 2p 8g       -1.40600E-01  3.89605E+00 21.0
    230  8  6  331  12 2s2 2p 9d       -1.14282E-01  3.92237E+00 21.0
    231  8  6  331  13 2s2 2p 9g       -1.11094E-01  3.92556E+00 21.0
    232  8  6  331  14 2s2 2p10d       -9.23145E-02  3.94434E+00 21.0
    233  8  6  340   1 2s2 2p 4f       -5.64325E-01  3.47233E+00 27.0
    234  8  6  340   2 2s2 2p 5f       -3.61618E-01  3.67503E+00 27.0
    235  8  6  340   3 2s2 2p 6f       -2.51248E-01  3.78540E+00 27.0
    236  8  6  340   4 2s2 2p 6h       -2.49988E-01  3.78666E+00 27.0
    237  8  6  340   5 2s2 2p 7f       -1.84620E-01  3.85203E+00 27.0
    238  8  6  340   6 2s2 2p 7h       -1.83662E-01  3.85299E+00 27.0
    239  8  6  340   7 2s2 2p 8f       -1.41351E-01  3.89530E+00 27.0
    240  8  6  340   8 2s2 2p 8h       -1.40615E-01  3.89604E+00 27.0
    241  8  6  340   9 2s2 2p 9f       -1.11676E-01  3.92497E+00 27.0
    242  8  6  340  10 2s2 2p 9h       -1.11104E-01  3.92555E+00 27.0
    243  8  6  340  11 2s2 2p10f       -9.04472E-02  3.94620E+00 27.0
    244  8  6  341   1 2s2 2p 5g       -3.60365E-01  3.67629E+00 27.0
    245  8  6  341   2 2s2 2p 6g       -2.50335E-01  3.78632E+00 27.0
    246  8  6  341   3 2s2 2p 7g       -1.83931E-01  3.85272E+00 27.0
    247  8  6  341   4 2s2 2p 8g       -1.40817E-01  3.89583E+00 27.0
    248  8  6  341   5 2s2 2p 9g       -1.11255E-01  3.92540E+00 27.0
    249  8  6  341   6 2s2 2p10g       -9.01100E-02  3.94654E+00 27.0
    250  8  6  350   1 2s2 2p 6h       -2.50013E-01  3.78664E+00 33.0
    251  8  6  350   2 2s2 2p 7h       -1.83689E-01  3.85296E+00 33.0
    252  8  6  350   3 2s2 2p 8h       -1.40640E-01  3.89601E+00 33.0
    253  8  6  350   4 2s2 2p 9h       -1.11124E-01  3.92553E+00 33.0
    254  8  6  350   5 2s2 2p10h       -9.00104E-02  3.94664E+00 33.0
    255  8  6  351   1 2s2 2p 5g       -3.60009E-01  3.67664E+00 33.0
    256  8  6  351   2 2s2 2p 6g       -2.50017E-01  3.78663E+00 33.0
    257  8  6  351   3 2s2 2p 7i       -1.83671E-01  3.85298E+00 33.0
    258  8  6  351   4 2s2 2p 7g       -1.83670E-01  3.85298E+00 33.0
    259  8  6  351   5 2s2 2p 8i       -1.40621E-01  3.89603E+00 33.0
    260  8  6  351   6 2s2 2p 8g       -1.40621E-01  3.89603E+00 33.0
    261  8  6  351   7 2s2 2p 9i       -1.11108E-01  3.92554E+00 33.0
    262  8  6  351   8 2s2 2p 9g       -1.11108E-01  3.92554E+00 33.0
    263  8  6  351   9 2s2 2p10i       -8.99970E-02  3.94665E+00 33.0
    264  8  6  360   1 2s2 2p 6h       -2.49999E-01  3.78665E+00 39.0
    265  8  6  360   2 2s2 2p 7h       -1.83672E-01  3.85298E+00 39.0
    266  8  6  360   3 2s2 2p 8h       -1.40624E-01  3.89603E+00 39.0
    267  8  6  360   4 2s2 2p 9h       -1.11110E-01  3.92554E+00 39.0
    268  8  6  361   1 2s2 2p 7i       -1.83674E-01  3.85298E+00 39.0
    269  8  6  361   2 2s2 2p 8i       -1.40625E-01  3.89603E+00 39.0
    270  8  6  361   3 2s2 2p 9i       -1.11111E-01  3.92554E+00 39.0
    271  8  6  361   4 2s2 2p10i       -9.00004E-02  3.94665E+00 39.0
    272  8  6  501   1 2s 2p3          -3.50770E+00  5.28950E-01  5.0
    273  8  6  501   2 2s2p2(4PE) 3p   -6.28030E-01  3.40862E+00  5.0
    274  8  6  501   3 2s2p2(4PE) 4p   -2.97741E-02  4.00688E+00  5.0
    275  8  6  501   4 2s2p2(4PE) 5p    2.21534E-01  4.25818E+00  5.0
    276  8  6  501   5 2s2p2(4PE) 6p    3.52120E-01  4.38877E+00  5.0
    277  8  6  501   6 2s2p2(4PE) 7p    4.28648E-01  4.46530E+00  5.0
    278  8  6  501   7 2s2p2(4PE) 8p    4.77322E-01  4.51397E+00  5.0
    279  8  6  501   8 2s2p2(4PE) 9p    5.10184E-01  4.54683E+00  5.0
    280  8  6  501   9 2s2p2(4PE)10p    5.33397E-01  4.57005E+00  5.0
    281  8  6  510   1 2s2p2(4PE) 3s   -9.65661E-01  3.07099E+00 15.0
    282  8  6  510   2 2s2p2(4PE) 3d   -4.19419E-01  3.61723E+00 15.0
    283  8  6  510   3 2s2p2(4PE) 4s   -1.52792E-01  3.88386E+00 15.0
    284  8  6  510   4 2s2p2(4PE) 4d    4.57955E-02  4.08245E+00 15.0
    285  8  6  510   5 2s2p2(4PE) 5s    1.63895E-01  4.20055E+00 15.0
    286  8  6  510   6 2s2p2(4PE) 5d    2.58115E-01  4.29476E+00 15.0
    287  8  6  510   7 2s2p2(4PE) 6s    3.20600E-01  4.35725E+00 15.0
    288  8  6  510   8 2s2p2(4PE) 6d    3.72646E-01  4.40930E+00 15.0
    289  8  6  510   9 2s2p2(4PE) 7s    4.09569E-01  4.44622E+00 15.0
    290  8  6  510  10 2s2p2(4PE) 7d    4.41332E-01  4.47798E+00 15.0
    291  8  6  510  11 2s2p2(4PE) 8s    4.64921E-01  4.50157E+00 15.0
    292  8  6  510  12 2s2p2(4PE) 8d    4.85723E-01  4.52237E+00 15.0
    293  8  6  510  13 2s2p2(4PE) 9s    5.01693E-01  4.53834E+00 15.0
    294  8  6  510  14 2s2p2(4PE) 9d    5.16056E-01  4.55271E+00 15.0
    295  8  6  511   1 2s2p2(4PE) 3p   -6.92889E-01  3.34376E+00 15.0
    296  8  6  511   2 2s2p2(4PE) 4p   -5.62495E-02  3.98040E+00 15.0
    297  8  6  511   3 2s2p2(4PE) 5p    2.09367E-01  4.24602E+00 15.0
    298  8  6  511   4 2s2p2(4PE) 6p    3.45556E-01  4.38221E+00 15.0
    299  8  6  511   5 2s2p2(4PE) 7p    4.24718E-01  4.46137E+00 15.0
    300  8  6  511   6 2s2p2(4PE) 8p    4.74799E-01  4.51145E+00 15.0
    301  8  6  511   7 2s2p2(4PE) 9p    5.08488E-01  4.54514E+00 15.0
    302  8  6  511   8 2s2p2(4PE)10p    5.32235E-01  4.56889E+00 15.0
    303  8  6  520   1 2s2p2(4PE) 3d   -4.24855E-01  3.61180E+00 25.0
    304  8  6  520   2 2s2p2(4PE) 4d    3.72741E-02  4.07392E+00 25.0
    305  8  6  520   3 2s2p2(4PE) 5d    2.53393E-01  4.29004E+00 25.0
    306  8  6  520   4 2s2p2(4PE) 6d    3.69867E-01  4.40652E+00 25.0
    307  8  6  520   5 2s2p2(4PE) 7d    4.39575E-01  4.47623E+00 25.0
    308  8  6  520   6 2s2p2(4PE) 8d    4.84547E-01  4.52120E+00 25.0
    309  8  6  520   7 2s2p2(4PE) 9d    5.15231E-01  4.55188E+00 25.0
    310  8  6  520   8 2s2p2(4PE)10d    5.37093E-01  4.57374E+00 25.0
    311  8  6  521   1 2s2p2(4PE) 3p   -7.20834E-01  3.31582E+00 25.0
    312  8  6  521   2 2s2p2(4PE) 4p   -6.41878E-02  3.97246E+00 25.0
    313  8  6  521   3 2s2p2(4PE) 4f    6.22951E-02  4.09895E+00 25.0
    314  8  6  521   4 2s2p2(4PE) 5p    2.05637E-01  4.24229E+00 25.0
    315  8  6  521   5 2s2p2(4PE) 5f    2.66349E-01  4.30300E+00 25.0
    316  8  6  521   6 2s2p2(4PE) 6p    3.43497E-01  4.38015E+00 25.0
    317  8  6  521   7 2s2p2(4PE) 6f    3.77350E-01  4.41400E+00 25.0
    318  8  6  521   8 2s2p2(4PE) 7p    4.23461E-01  4.46011E+00 25.0
    319  8  6  521   9 2s2p2(4PE) 7f    4.44264E-01  4.48091E+00 25.0
    320  8  6  521  10 2s2p2(4PE) 8p    4.73975E-01  4.51063E+00 25.0
    321  8  6  521  11 2s2p2(4PE) 8f    4.87671E-01  4.52432E+00 25.0
    322  8  6  521  12 2s2p2(4PE) 9p    5.07919E-01  4.54457E+00 25.0
    323  8  6  521  13 2s2p2(4PE) 9f    5.17415E-01  4.55407E+00 25.0
    324  8  6  521  14 2s2p2(4PE)10p    5.31825E-01  4.56848E+00 25.0
    325  8  6  521  15 2s2p2(4PE)10f    5.38678E-01  4.57533E+00 25.0
    326  8  6  530   1 2s2p2(4PE) 3d   -4.57154E-01  3.57950E+00 35.0
    327  8  6  530   2 2s2p2(4PE) 4d    2.75426E-02  4.06419E+00 35.0
    328  8  6  530   3 2s2p2(4PE) 5d    2.48791E-01  4.28544E+00 35.0
    329  8  6  530   4 2s2p2(4PE) 5g    2.68867E-01  4.30552E+00 35.0
    330  8  6  530   5 2s2p2(4PE) 6d    3.67310E-01  4.40396E+00 35.0
    331  8  6  530   6 2s2p2(4PE) 6g    3.78889E-01  4.41554E+00 35.0
    332  8  6  530   7 2s2p2(4PE) 7d    4.38006E-01  4.47466E+00 35.0
    333  8  6  530   8 2s2p2(4PE) 7g    4.45271E-01  4.48192E+00 35.0
    334  8  6  530   9 2s2p2(4PE) 8d    4.83514E-01  4.52016E+00 35.0
    335  8  6  530  10 2s2p2(4PE) 8g    4.88365E-01  4.52502E+00 35.0
    336  8  6  530  11 2s2p2(4PE) 9d    5.14514E-01  4.55116E+00 35.0
    337  8  6  530  12 2s2p2(4PE) 9g    5.17912E-01  4.55456E+00 35.0
    338  8  6  530  13 2s2p2(4PE)10d    5.36576E-01  4.57323E+00 35.0
    339  8  6  530  14 2s2p2(4PE)10g    5.39048E-01  4.57570E+00 35.0
    340  8  6  531   1 2s2p2(4PE) 4f    6.89341E-02  4.10558E+00 35.0
    341  8  6  531   2 2s2p2(4PE) 5f    2.70229E-01  4.30688E+00 35.0
    342  8  6  531   3 2s2p2(4PE) 6f    3.79702E-01  4.41635E+00 35.0
    343  8  6  531   4 2s2p2(4PE) 7f    4.45787E-01  4.48244E+00 35.0
    344  8  6  531   5 2s2p2(4PE) 8f    4.88712E-01  4.52536E+00 35.0
    345  8  6  531   6 2s2p2(4PE) 9f    5.18156E-01  4.55481E+00 35.0
    346  8  6  540   1 2s2p2(4PE) 5g    2.69388E-01  4.30604E+00 45.0
    347  8  6  540   2 2s2p2(4PE) 6g    3.79357E-01  4.41601E+00 45.0
    348  8  6  540   3 2s2p2(4PE) 7g    4.45625E-01  4.48228E+00 45.0
    349  8  6  540   4 2s2p2(4PE) 8g    4.88627E-01  4.52528E+00 45.0
    350  8  6  540   5 2s2p2(4PE) 9g    5.18107E-01  4.55476E+00 45.0
    351  8  6  541   1 2s2p2(4PE) 4f    6.41782E-02  4.10083E+00 45.0
    352  8  6  541   2 2s2p2(4PE) 5f    2.67541E-01  4.30419E+00 45.0
    353  8  6  541   3 2s2p2(4PE) 6f    3.78105E-01  4.41476E+00 45.0
    354  8  6  541   4 2s2p2(4PE) 6h    3.79129E-01  4.41578E+00 45.0
    355  8  6  541   5 2s2p2(4PE) 7f    4.44771E-01  4.48142E+00 45.0
    356  8  6  541   6 2s2p2(4PE) 7h    4.45454E-01  4.48210E+00 45.0
    357  8  6  541   7 2s2p2(4PE) 8f    4.88028E-01  4.52468E+00 45.0
    358  8  6  541   8 2s2p2(4PE) 8h    4.88501E-01  4.52515E+00 45.0
    359  8  6  541   9 2s2p2(4PE) 9f    5.17674E-01  4.55432E+00 45.0
    360  8  6  541  10 2s2p2(4PE) 9h    5.18014E-01  4.55466E+00 45.0
    361  8  6  541  11 2s2p2(4PE)10f    5.38873E-01  4.57552E+00 45.0
    362  8  6  550   1 2s2p2(4PE) 5g    2.68988E-01  4.30564E+00 55.0
    363  8  6  550   2 2s2p2(4PE) 6g    3.79000E-01  4.41565E+00 55.0
    364  8  6  550   3 2s2p2(4PE) 7i    4.45451E-01  4.48210E+00 55.0
    365  8  6  550   4 2s2p2(4PE) 7g    4.45451E-01  4.48210E+00 55.0
    366  8  6  550   5 2s2p2(4PE) 8i    4.88500E-01  4.52515E+00 55.0
    367  8  6  550   6 2s2p2(4PE) 8g    4.88500E-01  4.52515E+00 55.0
    368  8  6  550   7 2s2p2(4PE) 9i    5.18014E-01  4.55466E+00 55.0
    369  8  6  550   8 2s2p2(4PE) 9g    5.18014E-01  4.55466E+00 55.0
    370  8  6  550   9 2s2p2(4PE)10i    5.39125E-01  4.57578E+00 55.0
    371  8  7  200   1 2s 2p4          -7.84349E-01  1.82002E+00  2.0
    372  8  7  200   2 2p2(1SE) 3s     -4.39964E-01  2.16441E+00  2.0
    373  8  7  200   3 2p2(1DE) 3d     -2.47039E-01  2.35733E+00  2.0
    374  8  7  200   4 2p2(1DE) 4d     -6.62558E-02  2.53811E+00  2.0
    375  8  7  200   5 2p2(1SE) 4s     -3.18671E-03  2.60118E+00  2.0
    376  8  7  200   6 2p2(1DE) 5d      2.55923E-02  2.62996E+00  2.0
    377  8  7  200   7 2p2(1DE) 6d      7.23873E-02  2.67676E+00  2.0
    378  8  7  200   8 2p2(1DE) 7d      1.01430E-01  2.70580E+00  2.0
    379  8  7  200   9 2p2(1DE) 8d      1.20389E-01  2.72476E+00  2.0
    380  8  7  200  10 2p2(1DE) 9d      1.33418E-01  2.73779E+00  2.0
    381  8  7  200  11 2p2(1DE)10d      1.42747E-01  2.74712E+00  2.0
    382  8  7  201   1 2p2(3PE) 3p     -7.21037E-01  1.88333E+00  2.0
    383  8  7  201   2 2p2(3PE) 4p     -3.48873E-01  2.25550E+00  2.0
    384  8  7  201   3 2p2(3PE) 5p     -2.07072E-01  2.39730E+00  2.0
    385  8  7  201   4 2p2(3PE) 6p     -1.37162E-01  2.46721E+00  2.0
    386  8  7  201   5 2p2(3PE) 7p     -9.75601E-02  2.50681E+00  2.0
    387  8  7  201   6 2p2(3PE) 8p     -7.29488E-02  2.53142E+00  2.0
    388  8  7  201   7 2p2(3PE) 9p     -5.66072E-02  2.54776E+00  2.0
    389  8  7  201   8 2p2(3PE)10p     -4.52030E-02  2.55917E+00  2.0
    390  8  7  210   1 2p2(3PE) 3s     -8.53531E-01  1.75084E+00  6.0
    391  8  7  210   2 2s 2p4          -6.32123E-01  1.97225E+00  6.0
    392  8  7  210   3 2p2(3PE) 3d     -4.50742E-01  2.15363E+00  6.0
    393  8  7  210   4 2p2(3PE) 4s     -3.89280E-01  2.21509E+00  6.0
    394  8  7  210   5 2p2(1DE) 3d     -2.64650E-01  2.33972E+00  6.0
    395  8  7  210   6 2p2(3PE) 4d     -2.55124E-01  2.34925E+00  6.0
    396  8  7  210   7 2p2(3PE) 5s     -2.26160E-01  2.37821E+00  6.0
    397  8  7  210   8 2p2(3PE) 5d     -1.63854E-01  2.44052E+00  6.0
    398  8  7  210   9 2p2(3PE) 6s     -1.47547E-01  2.45682E+00  6.0
    399  8  7  210  10 2p2(3PE) 6d     -1.13547E-01  2.49082E+00  6.0
    400  8  7  210  11 2p2(3PE) 7s     -1.03809E-01  2.50056E+00  6.0
    401  8  7  210  12 2p2(3PE) 7d     -8.33055E-02  2.52106E+00  6.0
    402  8  7  210  13 2p2(3PE) 8s     -7.69930E-02  2.52738E+00  6.0
    403  8  7  210  14 2p2(1DE) 4d     -6.93707E-02  2.53500E+00  6.0
    404  8  7  210  15 2p2(3PE) 8d     -6.33795E-02  2.54099E+00  6.0
    405  8  7  210  16 2p2(3PE) 9s     -5.93676E-02  2.54500E+00  6.0
    406  8  7  210  17 2p2(3PE) 9d     -5.01030E-02  2.55427E+00  6.0
    407  8  7  210  18 2p2(3PE)10s     -4.71717E-02  2.55720E+00  6.0
    408  8  7  210  19 2p2(3PE)10d     -4.05409E-02  2.56383E+00  6.0
    409  8  7  211   1 2s2 2p3         -2.21657E+00  3.87800E-01  6.0
    410  8  7  211   2 2p2(3PE) 3p     -6.24172E-01  1.98020E+00  6.0
    411  8  7  211   3 2p2(1DE) 3p     -4.54269E-01  2.15010E+00  6.0
    412  8  7  211   4 2p2(3PE) 4p     -3.15060E-01  2.28931E+00  6.0
    413  8  7  211   5 2p2(1SE) 3p     -2.61778E-01  2.34259E+00  6.0
    414  8  7  211   6 2p2(3PE) 5p     -1.91323E-01  2.41305E+00  6.0
    415  8  7  211   7 2p2(1DE) 4p     -1.43044E-01  2.46133E+00  6.0
    416  8  7  211   8 2p2(3PE) 6p     -1.25257E-01  2.47911E+00  6.0
    417  8  7  211   9 2p2(3PE) 7p     -9.18607E-02  2.51251E+00  6.0
    418  8  7  211  10 2p2(3PE) 8p     -6.94923E-02  2.53488E+00  6.0
    419  8  7  211  11 2p2(1DE) 4f     -6.53645E-02  2.53901E+00  6.0
    420  8  7  211  12 2p2(3PE) 9p     -5.43453E-02  2.55002E+00  6.0
    421  8  7  211  13 2p2(3PE)10p     -4.36566E-02  2.56071E+00  6.0
    422  8  7  220   1 2s 2p4          -1.07511E+00  1.52926E+00 10.0
    423  8  7  220   2 2p2(1DE) 3s     -6.75127E-01  1.92924E+00 10.0
    424  8  7  220   3 2p2(3PE) 3d     -4.42035E-01  2.16234E+00 10.0
    425  8  7  220   4 2p2(1DE) 3d     -2.72290E-01  2.33208E+00 10.0
    426  8  7  220   5 2p2(3PE) 4d     -2.49749E-01  2.35462E+00 10.0
    427  8  7  220   6 2p2(1DE) 4s     -2.15832E-01  2.38854E+00 10.0
    428  8  7  220   7 2p2(3PE) 5d     -1.59980E-01  2.44439E+00 10.0
    429  8  7  220   8 2p2(3PE) 6d     -1.11179E-01  2.49319E+00 10.0
    430  8  7  220   9 2p2(3PE) 7d     -8.18377E-02  2.52253E+00 10.0
    431  8  7  220  10 2p2(1DE) 4d     -7.47217E-02  2.52965E+00 10.0
    432  8  7  220  11 2p2(3PE) 8d     -6.33082E-02  2.54106E+00 10.0
    433  8  7  220  12 2p2(1SE) 3d     -6.10559E-02  2.54331E+00 10.0
    434  8  7  220  13 2p2(3PE) 9d     -4.93047E-02  2.55507E+00 10.0
    435  8  7  220  14 2p2(1DE) 5s     -4.66160E-02  2.55775E+00 10.0
    436  8  7  221   1 2s2 2p3         -2.34948E+00  2.54890E-01 10.0
    437  8  7  221   2 2p2(3PE) 3p     -6.48946E-01  1.95542E+00 10.0
    438  8  7  221   3 2p2(1DE) 3p     -4.78154E-01  2.12622E+00 10.0
    439  8  7  221   4 2p2(3PE) 4p     -3.20037E-01  2.28433E+00 10.0
    440  8  7  221   5 2p2(3PE) 4f     -2.51582E-01  2.35279E+00 10.0
    441  8  7  221   6 2p2(3PE) 5p     -1.96660E-01  2.40771E+00 10.0
    442  8  7  221   7 2p2(3PE) 5f     -1.60889E-01  2.44348E+00 10.0
    443  8  7  221   8 2p2(1DE) 4p     -1.50402E-01  2.45397E+00 10.0
    444  8  7  221   9 2p2(3PE) 6p     -1.28203E-01  2.47617E+00 10.0
    445  8  7  221  10 2p2(3PE) 6f     -1.11633E-01  2.49274E+00 10.0
    446  8  7  221  11 2p2(3PE) 7p     -9.32856E-02  2.51108E+00 10.0
    447  8  7  221  12 2p2(3PE) 7f     -8.19638E-02  2.52241E+00 10.0
    448  8  7  221  13 2p2(3PE) 8p     -7.03875E-02  2.53398E+00 10.0
    449  8  7  221  14 2p2(1DE) 4f     -6.71414E-02  2.53723E+00 10.0
    450  8  7  221  15 2p2(3PE) 8f     -6.27229E-02  2.54165E+00 10.0
    451  8  7  221  16 2p2(3PE) 9p     -5.49529E-02  2.54942E+00 10.0
    452  8  7  221  17 2p2(3PE) 9f     -4.95400E-02  2.55483E+00 10.0
    453  8  7  221  18 2p2(3PE)10p     -4.40930E-02  2.56028E+00 10.0
    454  8  7  221  19 2p2(3PE)10f     -4.01151E-02  2.56425E+00 10.0
    455  8  7  230   1 2p2(3PE) 3d     -4.56706E-01  2.14766E+00 14.0
    456  8  7  230   2 2p2(1DE) 3d     -2.88479E-01  2.31589E+00 14.0
    457  8  7  230   3 2p2(3PE) 4d     -2.53999E-01  2.35037E+00 14.0
    458  8  7  230   4 2p2(3PE) 5d     -1.62963E-01  2.44141E+00 14.0
    459  8  7  230   5 2p2(3PE) 5g     -1.60169E-01  2.44420E+00 14.0
    460  8  7  230   6 2p2(3PE) 6d     -1.13096E-01  2.49127E+00 14.0
    461  8  7  230   7 2p2(3PE) 6g     -1.11238E-01  2.49313E+00 14.0
    462  8  7  230   8 2p2(3PE) 7d     -8.38009E-02  2.52057E+00 14.0
    463  8  7  230   9 2p2(3PE) 7g     -8.17226E-02  2.52265E+00 14.0
    464  8  7  230  10 2p2(1DE) 4d     -7.75122E-02  2.52686E+00 14.0
    465  8  7  230  11 2p2(3PE) 8d     -6.30333E-02  2.54134E+00 14.0
    466  8  7  230  12 2p2(3PE) 8g     -6.25640E-02  2.54181E+00 14.0
    467  8  7  230  13 2p2(3PE) 9d     -4.98483E-02  2.55452E+00 14.0
    468  8  7  230  14 2p2(3PE) 9g     -4.94295E-02  2.55494E+00 14.0
    469  8  7  230  15 2p2(3PE)10d     -4.03631E-02  2.56401E+00 14.0
    470  8  7  230  16 2p2(3PE)10g     -4.00350E-02  2.56434E+00 14.0
    471  8  7  231   1 2p2(1DE) 3p     -4.89182E-01  2.11519E+00 14.0
    472  8  7  231   2 2p2(3PE) 4f     -2.49139E-01  2.35523E+00 14.0
    473  8  7  231   3 2p2(3PE) 5f     -1.59575E-01  2.44480E+00 14.0
    474  8  7  231   4 2p2(1DE) 4p     -1.50967E-01  2.45340E+00 14.0
    475  8  7  231   5 2p2(3PE) 6f     -1.10884E-01  2.49349E+00 14.0
    476  8  7  231   6 2p2(3PE) 7f     -8.14980E-02  2.52287E+00 14.0
    477  8  7  231   7 2p2(1DE) 4f     -6.87745E-02  2.53560E+00 14.0
    478  8  7  231   8 2p2(3PE) 8f     -6.24134E-02  2.54196E+00 14.0
    479  8  7  231   9 2p2(3PE) 9f     -4.93235E-02  2.55505E+00 14.0
    480  8  7  240   1 2p2(1DE) 3d     -2.74807E-01  2.32956E+00 18.0
    481  8  7  240   2 2p2(3PE) 5g     -1.59844E-01  2.44453E+00 18.0
    482  8  7  240   3 2p2(3PE) 6g     -1.11005E-01  2.49337E+00 18.0
    483  8  7  240   4 2p2(3PE) 7g     -8.15609E-02  2.52281E+00 18.0
    484  8  7  240   5 2p2(1DE) 4d     -7.46673E-02  2.52970E+00 18.0
    485  8  7  240   6 2p2(3PE) 8g     -6.24499E-02  2.54192E+00 18.0
    486  8  7  240   7 2p2(3PE) 9g     -4.93467E-02  2.55502E+00 18.0
    487  8  7  241   1 2p2(3PE) 4f     -2.50909E-01  2.35346E+00 18.0
    488  8  7  241   2 2p2(3PE) 5f     -1.60517E-01  2.44385E+00 18.0
    489  8  7  241   3 2p2(3PE) 6f     -1.11419E-01  2.49295E+00 18.0
    490  8  7  241   4 2p2(3PE) 6h     -1.11137E-01  2.49323E+00 18.0
    491  8  7  241   5 2p2(3PE) 7f     -8.18301E-02  2.52254E+00 18.0
    492  8  7  241   6 2p2(3PE) 7h     -8.16497E-02  2.52272E+00 18.0
    493  8  7  241   7 2p2(1DE) 4f     -6.91204E-02  2.53525E+00 18.0
    494  8  7  241   8 2p2(3PE) 8f     -6.26335E-02  2.54174E+00 18.0
    495  8  7  241   9 2p2(3PE) 8h     -6.25119E-02  2.54186E+00 18.0
    496  8  7  241  10 2p2(3PE) 9f     -4.94774E-02  2.55489E+00 18.0
    497  8  7  241  11 2p2(3PE) 9h     -4.93914E-02  2.55498E+00 18.0
    498  8  7  241  12 2p2(3PE)10f     -4.00695E-02  2.56430E+00 18.0
    499  8  7  400   1 2p3(3PO) 3p      6.20305E-01  3.22468E+00  4.0
    500  8  7  400   2 2p3(3PO) 4p      9.60542E-01  3.56491E+00  4.0
    501  8  7  400   3 2p3(3PO) 5p      1.09474E+00  3.69911E+00  4.0
    502  8  7  400   4 2p3(3PO) 6p      1.16172E+00  3.76609E+00  4.0
    503  8  7  400   5 2p3(3PO) 7p      1.19998E+00  3.80435E+00  4.0
    504  8  7  400   6 2p3(3PO) 8p      1.22389E+00  3.82826E+00  4.0
    505  8  7  400   7 2p3(3PO) 9p      1.23984E+00  3.84421E+00  4.0
    506  8  7  400   8 2p3(3PO)10p      1.25099E+00  3.85536E+00  4.0
    507  8  7  401   1 2s2 2p3         -2.60437E+00  0.00000E+00  4.0
    508  8  7  401   2 2p2(3PE) 3p     -6.44298E-01  1.96007E+00  4.0
    509  8  7  401   3 2p2(3PE) 4p     -3.36449E-01  2.26792E+00  4.0
    510  8  7  401   4 2p3(5SO) 3s     -2.55862E-01  2.34851E+00  4.0
    511  8  7  401   5 2p2(3PE) 5p     -1.88013E-01  2.41636E+00  4.0
    512  8  7  401   6 2p2(3PE) 6p     -1.28610E-01  2.47576E+00  4.0
    513  8  7  401   7 2p2(3PE) 7p     -9.27384E-02  2.51163E+00  4.0
    514  8  7  401   8 2p2(3PE) 8p     -6.99261E-02  2.53444E+00  4.0
    515  8  7  401   9 2p2(3PE) 9p     -5.45786E-02  2.54979E+00  4.0
    516  8  7  401  10 2p2(3PE)10p     -4.37728E-02  2.56060E+00  4.0
    517  8  7  410   1 2s 2p4          -1.51503E+00  1.08934E+00 12.0
    518  8  7  410   2 2p2(3PE) 3s     -8.86722E-01  1.71765E+00 12.0
    519  8  7  410   3 2p2(3PE) 3d     -4.59998E-01  2.14437E+00 12.0
    520  8  7  410   4 2p2(3PE) 4s     -4.05330E-01  2.19904E+00 12.0
    521  8  7  410   5 2p2(3PE) 4d     -2.56938E-01  2.34743E+00 12.0
    522  8  7  410   6 2p2(3PE) 5s     -2.32595E-01  2.37178E+00 12.0
    523  8  7  410   7 2p2(3PE) 5d     -1.63885E-01  2.44049E+00 12.0
    524  8  7  410   8 2p2(3PE) 6s     -1.50917E-01  2.45345E+00 12.0
    525  8  7  410   9 2p2(3PE) 6d     -1.13646E-01  2.49072E+00 12.0
    526  8  7  410  10 2p2(3PE) 7s     -1.05905E-01  2.49847E+00 12.0
    527  8  7  410  11 2p2(3PE) 7d     -8.44606E-02  2.51991E+00 12.0
    528  8  7  410  12 2p2(3PE) 8s     -7.93761E-02  2.52499E+00 12.0
    529  8  7  410  13 2p3(5SO) 3p     -7.57316E-02  2.52864E+00 12.0
    530  8  7  410  14 2p2(3PE) 8d     -6.30587E-02  2.54131E+00 12.0
    531  8  7  410  15 2p2(3PE) 9s     -6.00015E-02  2.54437E+00 12.0
    532  8  7  410  16 2p2(3PE) 9d     -4.98935E-02  2.55448E+00 12.0
    533  8  7  410  17 2p2(3PE)10s     -4.76690E-02  2.55670E+00 12.0
    534  8  7  410  18 2p2(3PE)10d     -4.03991E-02  2.56397E+00 12.0
    535  8  7  411   1 2p2(3PE) 3p     -6.78698E-01  1.92567E+00 12.0
    536  8  7  411   2 2p2(3PE) 4p     -3.36481E-01  2.26789E+00 12.0
    537  8  7  411   3 2p2(3PE) 5p     -2.01506E-01  2.40286E+00 12.0
    538  8  7  411   4 2p2(3PE) 6p     -1.34255E-01  2.47012E+00 12.0
    539  8  7  411   5 2p2(3PE) 7p     -9.58521E-02  2.50852E+00 12.0
    540  8  7  411   6 2p2(3PE) 8p     -7.18590E-02  2.53251E+00 12.0
    541  8  7  411   7 2p2(3PE) 9p     -5.58687E-02  2.54850E+00 12.0
    542  8  7  411   8 2p2(3PE)10p     -4.46792E-02  2.55969E+00 12.0
    543  8  7  420   1 2p2(3PE) 3d     -4.57632E-01  2.14674E+00 20.0
    544  8  7  420   2 2p2(3PE) 4d     -2.58026E-01  2.34634E+00 20.0
    545  8  7  420   3 2p2(3PE) 5d     -1.64511E-01  2.43986E+00 20.0
    546  8  7  420   4 2p2(3PE) 6d     -1.13839E-01  2.49053E+00 20.0
    547  8  7  420   5 2p2(3PE) 7d     -8.33939E-02  2.52098E+00 20.0
    548  8  7  420   6 2p2(3PE) 8d     -6.36982E-02  2.54067E+00 20.0
    549  8  7  420   7 2p2(3PE) 9d     -5.02329E-02  2.55414E+00 20.0
    550  8  7  420   8 2p2(3PE)10d     -4.06242E-02  2.56375E+00 20.0
    551  8  7  421   1 2p2(3PE) 3p     -6.93617E-01  1.91075E+00 20.0
    552  8  7  421   2 2p2(3PE) 4p     -3.40857E-01  2.26351E+00 20.0
    553  8  7  421   3 2p2(3PE) 4f     -2.51589E-01  2.35278E+00 20.0
    554  8  7  421   4 2p2(3PE) 5p     -2.03531E-01  2.40084E+00 20.0
    555  8  7  421   5 2p2(3PE) 5f     -1.60893E-01  2.44348E+00 20.0
    556  8  7  421   6 2p2(3PE) 6p     -1.35336E-01  2.46903E+00 20.0
    557  8  7  421   7 2p2(3PE) 6f     -1.11636E-01  2.49273E+00 20.0
    558  8  7  421   8 2p2(3PE) 7p     -9.64977E-02  2.50787E+00 20.0
    559  8  7  421   9 2p2(3PE) 7f     -8.19657E-02  2.52240E+00 20.0
    560  8  7  421  10 2p2(3PE) 8p     -7.22759E-02  2.53209E+00 20.0
    561  8  7  421  11 2p2(3PE) 8f     -6.27244E-02  2.54165E+00 20.0
    562  8  7  421  12 2p2(3PE) 9p     -5.61539E-02  2.54822E+00 20.0
    563  8  7  421  13 2p2(3PE) 9f     -4.95411E-02  2.55483E+00 20.0
    564  8  7  421  14 2p2(3PE)10p     -4.48830E-02  2.55949E+00 20.0
    565  8  7  421  15 2p2(3PE)10f     -4.01158E-02  2.56425E+00 20.0
    566  8  7  430   1 2p2(3PE) 3d     -4.69745E-01  2.13463E+00 28.0
    567  8  7  430   2 2p2(3PE) 4d     -2.62433E-01  2.34194E+00 28.0
    568  8  7  430   3 2p2(3PE) 5d     -1.66750E-01  2.43762E+00 28.0
    569  8  7  430   4 2p2(3PE) 5g     -1.60169E-01  2.44420E+00 28.0
    570  8  7  430   5 2p2(3PE) 6d     -1.15120E-01  2.48925E+00 28.0
    571  8  7  430   6 2p2(3PE) 6g     -1.11238E-01  2.49313E+00 28.0
    572  8  7  430   7 2p2(3PE) 7d     -8.41911E-02  2.52018E+00 28.0
    573  8  7  430   8 2p2(3PE) 7g     -8.17226E-02  2.52265E+00 28.0
    574  8  7  430   9 2p2(3PE) 8d     -6.42270E-02  2.54014E+00 28.0
    575  8  7  430  10 2p2(3PE) 8g     -6.25642E-02  2.54181E+00 28.0
    576  8  7  430  11 2p2(3PE) 9d     -5.06014E-02  2.55377E+00 28.0
    577  8  7  430  12 2p2(3PE) 9g     -4.94296E-02  2.55494E+00 28.0
    578  8  7  430  13 2p2(3PE)10d     -4.08911E-02  2.56348E+00 28.0
    579  8  7  430  14 2p2(3PE)10g     -4.00350E-02  2.56434E+00 28.0
    580  8  7  431   1 2p2(3PE) 4f     -2.49255E-01  2.35512E+00 28.0
    581  8  7  431   2 2p2(3PE) 5f     -1.59667E-01  2.44470E+00 28.0
    582  8  7  431   3 2p2(3PE) 6f     -1.10951E-01  2.49342E+00 28.0
    583  8  7  431   4 2p2(3PE) 7f     -8.15452E-02  2.52283E+00 28.0
    584  8  7  431   5 2p2(3PE) 8f     -6.24471E-02  2.54192E+00 28.0
    585  8  7  431   6 2p2(3PE) 9f     -4.93482E-02  2.55502E+00 28.0
    586  8  7  440   1 2p2(3PE) 5g     -1.59845E-01  2.44453E+00 36.0
    587  8  7  440   2 2p2(3PE) 6g     -1.11006E-01  2.49336E+00 36.0
    588  8  7  440   3 2p2(3PE) 7g     -8.15614E-02  2.52281E+00 36.0
    589  8  7  440   4 2p2(3PE) 8g     -6.24504E-02  2.54192E+00 36.0
    590  8  7  440   5 2p2(3PE) 9g     -4.93470E-02  2.55502E+00 36.0
    591  8  7  441   1 2p2(3PE) 4f     -2.51006E-01  2.35336E+00 36.0
    592  8  7  441   2 2p2(3PE) 5f     -1.60597E-01  2.44377E+00 36.0
    593  8  7  441   3 2p2(3PE) 6f     -1.11475E-01  2.49290E+00 36.0
    594  8  7  441   4 2p2(3PE) 6h     -1.11137E-01  2.49323E+00 36.0
    595  8  7  441   5 2p2(3PE) 7f     -8.18690E-02  2.52250E+00 36.0
    596  8  7  441   6 2p2(3PE) 7h     -8.16500E-02  2.52272E+00 36.0
    597  8  7  441   7 2p2(3PE) 8f     -6.26616E-02  2.54171E+00 36.0
    598  8  7  441   8 2p2(3PE) 8h     -6.25122E-02  2.54186E+00 36.0
    599  8  7  441   9 2p2(3PE) 9f     -4.94979E-02  2.55487E+00 36.0
    600  8  7  441  10 2p2(3PE) 9h     -4.93916E-02  2.55498E+00 36.0
    601  8  7  441  11 2p2(3PE)10f     -4.00849E-02  2.56429E+00 36.0
    602  8  7  601   1 2p3(5SO) 3s     -3.46695E-01  2.25768E+00  6.0
    603  8  7  601   2 2p3(5SO) 4s      1.41678E-01  2.74605E+00  6.0
    604  8  7  601   3 2p3(5SO) 5s      3.15068E-01  2.91944E+00  6.0
    605  8  7  601   4 2p3(5SO) 6s      3.96931E-01  3.00130E+00  6.0
    606  8  7  601   5 2p3(5SO) 7s      4.42075E-01  3.04645E+00  6.0
    607  8  7  601   6 2p3(5SO) 8s      4.69602E-01  3.07397E+00  6.0
    608  8  7  601   7 2p3(5SO) 9s      4.87622E-01  3.09199E+00  6.0
    609  8  7  601   8 2p3(5SO)10s      5.00060E-01  3.10443E+00  6.0
    610  8  7  610   1 2p3(5SO) 3p     -1.39814E-01  2.46456E+00 18.0
    611  8  7  610   2 2p3(5SO) 4p      2.08971E-01  2.81334E+00 18.0
    612  8  7  610   3 2p3(5SO) 5p      3.45298E-01  2.94967E+00 18.0
    613  8  7  610   4 2p3(5SO) 6p      4.13056E-01  3.01743E+00 18.0
    614  8  7  610   5 2p3(5SO) 7p      4.51674E-01  3.05604E+00 18.0
    615  8  7  610   6 2p3(5SO) 8p      4.75774E-01  3.08014E+00 18.0
    616  8  7  610   7 2p3(5SO) 9p      4.91823E-01  3.09619E+00 18.0
    617  8  7  610   8 2p3(5SO)10p      5.03047E-01  3.10742E+00 18.0
    618  8  7  621   1 2p3(5SO) 3d      8.18189E-02  2.68619E+00 30.0
    619  8  7  621   2 2p3(5SO) 4d      2.86285E-01  2.89066E+00 30.0
    620  8  7  621   3 2p3(5SO) 5d      3.81448E-01  2.98582E+00 30.0
    621  8  7  621   4 2p3(5SO) 6d      4.32890E-01  3.03726E+00 30.0
    622  8  7  621   5 2p3(5SO) 7d      4.63734E-01  3.06810E+00 30.0
    623  8  7  621   6 2p3(5SO) 8d      4.83655E-01  3.08803E+00 30.0
    624  8  7  621   7 2p3(5SO) 9d      4.97256E-01  3.10163E+00 30.0
    625  8  7  621   8 2p3(5SO)10d      5.06951E-01  3.11132E+00 30.0
    626  8  7  630   1 2p3(5SO) 4f      2.97690E-01  2.90206E+00 42.0
    627  8  7  630   2 2p3(5SO) 5f      3.87711E-01  2.99208E+00 42.0
    628  8  7  630   3 2p3(5SO) 6f      4.36628E-01  3.04100E+00 42.0
    629  8  7  630   4 2p3(5SO) 7f      4.66126E-01  3.07050E+00 42.0
    630  8  7  630   5 2p3(5SO) 8f      4.85272E-01  3.08964E+00 42.0
    631  8  7  630   6 2p3(5SO) 9f      4.98398E-01  3.10277E+00 42.0
    632  8  7  630   7 2p3(5SO)10f      5.07787E-01  3.11216E+00 42.0
    633  8  7  641   1 2p3(5SO) 5g      3.87805E-01  2.99218E+00 54.0
    634  8  7  641   2 2p3(5SO) 6g      4.36694E-01  3.04106E+00 54.0
    635  8  7  641   3 2p3(5SO) 7g      4.66173E-01  3.07054E+00 54.0
    636  8  7  641   4 2p3(5SO) 8g      4.85306E-01  3.08968E+00 54.0
    637  8  7  641   5 2p3(5SO) 9g      4.98423E-01  3.10279E+00 54.0
    638  8  7  641   6 2p3(5SO)10g      5.07806E-01  3.11218E+00 54.0
    639  8  8  100   1 2s2 2p4         -6.77557E-01  3.25953E-01  1.0
    640  8  8  100   2 2p3(2PO) 3p      1.96414E-01  1.19992E+00  1.0
    641  8  8  100   3 2p3(2PO) 4p      2.84057E-01  1.28757E+00  1.0
    642  8  8  100   4 2p3(2PO) 5p      3.18171E-01  1.32168E+00  1.0
    643  8  8  100   5 2p3(2PO) 6p      3.35110E-01  1.33862E+00  1.0
    644  8  8  100   6 2p3(2PO) 7p      3.44761E-01  1.34827E+00  1.0
    645  8  8  100   7 2p3(2PO) 8p      3.50783E-01  1.35429E+00  1.0
    646  8  8  100   8 2p3(2PO) 9p      3.54793E-01  1.35830E+00  1.0
    647  8  8  100   9 2p3(2PO)10p      3.57597E-01  1.36111E+00  1.0
    648  8  8  101   1 2p3(2DO) 3d      1.32131E-01  1.13564E+00  1.0
    649  8  8  101   2 2p3(2DO) 4d      1.81240E-01  1.18475E+00  1.0
    650  8  8  101   3 2p3(2DO) 5d      2.04018E-01  1.20753E+00  1.0
    651  8  8  101   4 2p3(2DO) 6d      2.16386E-01  1.21990E+00  1.0
    652  8  8  101   5 2p3(2DO) 7d      2.23835E-01  1.22734E+00  1.0
    653  8  8  101   6 2p3(2DO) 8d      2.28665E-01  1.23217E+00  1.0
    654  8  8  101   7 2p3(2DO) 9d      2.31974E-01  1.23548E+00  1.0
    655  8  8  101   8 2p3(2DO)10d      2.34339E-01  1.23785E+00  1.0
    656  8  8  110   1 2p3(2DO) 3p      3.46131E-02  1.03812E+00  3.0
    657  8  8  110   2 2p3(2DO) 4p      1.44497E-01  1.14801E+00  3.0
    658  8  8  110   3 2p3(2PO) 3p      1.65408E-01  1.16892E+00  3.0
    659  8  8  110   4 2p3(2DO) 4f      1.81898E-01  1.18541E+00  3.0
    660  8  8  110   5 2p3(2DO) 5p      1.88887E-01  1.19240E+00  3.0
    661  8  8  110   6 2p3(2DO) 5f      2.04390E-01  1.20790E+00  3.0
    662  8  8  110   7 2p3(2DO) 6p      2.07858E-01  1.21137E+00  3.0
    663  8  8  110   8 2p3(2DO) 6f      2.16612E-01  1.22012E+00  3.0
    664  8  8  110   9 2p3(2DO) 7p      2.18616E-01  1.22213E+00  3.0
    665  8  8  110  10 2p3(2DO) 7f      2.23982E-01  1.22749E+00  3.0
    666  8  8  110  11 2p3(2DO) 8p      2.25247E-01  1.22876E+00  3.0
    667  8  8  110  12 2p3(2DO) 8f      2.28765E-01  1.23228E+00  3.0
    668  8  8  110  13 2p3(2DO) 9p      2.29615E-01  1.23312E+00  3.0
    669  8  8  110  14 2p3(2DO) 9f      2.32045E-01  1.23555E+00  3.0
    670  8  8  110  15 2p3(2DO)10p      2.32643E-01  1.23615E+00  3.0
    671  8  8  110  16 2p3(2DO)10f      2.34391E-01  1.23790E+00  3.0
    672  8  8  111   1 2p3(2PO) 3s      6.59807E-02  1.06949E+00  3.0
    673  8  8  111   2 2p3(2DO) 3d      1.32470E-01  1.13598E+00  3.0
    674  8  8  111   3 2p3(2DO) 4d      1.81244E-01  1.18475E+00  3.0
    675  8  8  111   4 2p3(2DO) 5d      2.03979E-01  1.20749E+00  3.0
    676  8  8  111   5 2p3(2DO) 6d      2.16343E-01  1.21985E+00  3.0
    677  8  8  111   6 2p3(2DO) 7d      2.23798E-01  1.22731E+00  3.0
    678  8  8  111   7 2p3(2DO) 8d      2.28633E-01  1.23214E+00  3.0
    679  8  8  111   8 2p3(2DO) 9d      2.31946E-01  1.23546E+00  3.0
    680  8  8  111   9 2p3(2DO)10d      2.34315E-01  1.23783E+00  3.0
    681  8  8  120   1 2s2 2p4         -8.51519E-01  1.51991E-01  5.0
    682  8  8  120   2 2p3(2DO) 3p      6.56298E-02  1.06914E+00  5.0
    683  8  8  120   3 2p3(2DO) 4p      1.56563E-01  1.16007E+00  5.0
    684  8  8  120   4 2p3(2PO) 3p      1.74918E-01  1.17843E+00  5.0
    685  8  8  120   5 2p3(2DO) 4f      1.81925E-01  1.18544E+00  5.0
    686  8  8  120   6 2p3(2DO) 5p      1.93069E-01  1.19658E+00  5.0
    687  8  8  120   7 2p3(2DO) 5f      2.04392E-01  1.20790E+00  5.0
    688  8  8  120   8 2p3(2DO) 6p      2.10220E-01  1.21373E+00  5.0
    689  8  8  120   9 2p3(2DO) 6f      2.16612E-01  1.22012E+00  5.0
    690  8  8  120  10 2p3(2DO) 7p      2.20050E-01  1.22356E+00  5.0
    691  8  8  120  11 2p3(2DO) 7f      2.23982E-01  1.22749E+00  5.0
    692  8  8  120  12 2p3(2DO) 8p      2.26178E-01  1.22969E+00  5.0
    693  8  8  120  13 2p3(2DO) 8f      2.28765E-01  1.23228E+00  5.0
    694  8  8  120  14 2p3(2DO) 9p      2.30252E-01  1.23376E+00  5.0
    695  8  8  120  15 2p3(2DO) 9f      2.32045E-01  1.23555E+00  5.0
    696  8  8  120  16 2p3(2DO)10p      2.33098E-01  1.23661E+00  5.0
    697  8  8  120  17 2p3(2DO)10f      2.34391E-01  1.23790E+00  5.0
    698  8  8  121   1 2p3(2DO) 3s     -5.61535E-02  9.47357E-01  5.0
    699  8  8  121   2 2p3(2DO) 4s      1.20216E-01  1.12373E+00  5.0
    700  8  8  121   3 2p3(2DO) 3d      1.33071E-01  1.13658E+00  5.0
    701  8  8  121   4 2p3(2DO) 5s      1.76643E-01  1.18015E+00  5.0
    702  8  8  121   5 2p3(2DO) 4d      1.81774E-01  1.18528E+00  5.0
    703  8  8  121   6 2p3(2DO) 6s      2.01767E-01  1.20528E+00  5.0
    704  8  8  121   7 2p3(2DO) 5d      2.04322E-01  1.20783E+00  5.0
    705  8  8  121   8 2p3(2DO) 7s      2.15116E-01  1.21863E+00  5.0
    706  8  8  121   9 2p3(2DO) 6d      2.16570E-01  1.22008E+00  5.0
    707  8  8  121  10 2p3(2DO) 8s      2.23048E-01  1.22656E+00  5.0
    708  8  8  121  11 2p3(2DO) 7d      2.23954E-01  1.22746E+00  5.0
    709  8  8  121  12 2p3(2DO) 9s      2.28144E-01  1.23165E+00  5.0
    710  8  8  121  13 2p3(2DO) 8d      2.28746E-01  1.23226E+00  5.0
    711  8  8  121  14 2p3(2DO)10s      2.31611E-01  1.23512E+00  5.0
    712  8  8  121  15 2p3(2DO) 9d      2.32031E-01  1.23554E+00  5.0
    713  8  8  121  16 2p3(2DO)11s      2.34075E-01  1.23758E+00  5.0
    714  8  8  130   1 2p3(2DO) 3p      4.15449E-02  1.04505E+00  7.0
    715  8  8  130   2 2p3(2DO) 4p      1.49136E-01  1.15265E+00  7.0
    716  8  8  130   3 2p3(2DO) 4f      1.81886E-01  1.18540E+00  7.0
    717  8  8  130   4 2p3(2DO) 5p      1.88948E-01  1.19246E+00  7.0
    718  8  8  130   5 2p3(2DO) 5f      2.04387E-01  1.20790E+00  7.0
    719  8  8  130   6 2p3(2DO) 6p      2.08112E-01  1.21162E+00  7.0
    720  8  8  130   7 2p3(2DO) 6f      2.16611E-01  1.22012E+00  7.0
    721  8  8  130   8 2p3(2DO) 7p      2.18807E-01  1.22232E+00  7.0
    722  8  8  130   9 2p3(2DO) 7f      2.23982E-01  1.22749E+00  7.0
    723  8  8  130  10 2p3(2DO) 8p      2.25382E-01  1.22889E+00  7.0
    724  8  8  130  11 2p3(2DO) 8f      2.28765E-01  1.23228E+00  7.0
    725  8  8  130  12 2p3(2DO) 9p      2.29712E-01  1.23322E+00  7.0
    726  8  8  130  13 2p3(2DO) 9f      2.32045E-01  1.23555E+00  7.0
    727  8  8  130  14 2p3(2DO)10p      2.32715E-01  1.23623E+00  7.0
    728  8  8  131   1 2p3(2DO) 3d      1.33207E-01  1.13672E+00  7.0
    729  8  8  131   2 2p3(2DO) 4d      1.81856E-01  1.18537E+00  7.0
    730  8  8  131   3 2p3(2DO) 5d      2.04371E-01  1.20788E+00  7.0
    731  8  8  131   4 2p3(2DO) 6d      2.16601E-01  1.22011E+00  7.0
    732  8  8  131   5 2p3(2DO) 7d      2.23975E-01  1.22748E+00  7.0
    733  8  8  131   6 2p3(2DO) 8d      2.28761E-01  1.23227E+00  7.0
    734  8  8  131   7 2p3(2DO) 9d      2.32042E-01  1.23555E+00  7.0
    735  8  8  140   1 2p3(2DO) 4f      1.81885E-01  1.18540E+00  9.0
    736  8  8  140   2 2p3(2DO) 5f      2.04387E-01  1.20790E+00  9.0
    737  8  8  140   3 2p3(2DO) 6f      2.16611E-01  1.22012E+00  9.0
    738  8  8  140   4 2p3(2DO) 7f      2.23982E-01  1.22749E+00  9.0
    739  8  8  140   5 2p3(2DO) 8f      2.28765E-01  1.23228E+00  9.0
    740  8  8  140   6 2p3(2DO) 9f      2.32045E-01  1.23555E+00  9.0
    741  8  8  141   1 2p3(2DO) 3d      1.32384E-01  1.13589E+00  9.0
    742  8  8  141   2 2p3(2DO) 4d      1.81388E-01  1.18490E+00  9.0
    743  8  8  141   3 2p3(2DO) 5d      2.04104E-01  1.20761E+00  9.0
    744  8  8  141   4 2p3(2DO) 6d      2.16438E-01  1.21995E+00  9.0
    745  8  8  141   5 2p3(2DO) 7d      2.23869E-01  1.22738E+00  9.0
    746  8  8  141   6 2p3(2DO) 8d      2.28689E-01  1.23220E+00  9.0
    747  8  8  141   7 2p3(2DO) 9d      2.31991E-01  1.23550E+00  9.0
    748  8  8  141   8 2p3(2DO)10d      2.34351E-01  1.23786E+00  9.0
    749  8  8  150   1 2p3(2DO) 4f      1.81884E-01  1.18539E+00 11.0
    750  8  8  150   2 2p3(2DO) 5f      2.04386E-01  1.20790E+00 11.0
    751  8  8  150   3 2p3(2DO) 6f      2.16610E-01  1.22012E+00 11.0
    752  8  8  150   4 2p3(2DO) 7f      2.23981E-01  1.22749E+00 11.0
    753  8  8  150   5 2p3(2DO) 8f      2.28765E-01  1.23228E+00 11.0
    754  8  8  150   6 2p3(2DO) 9f      2.32045E-01  1.23555E+00 11.0
    755  8  8  300   1 2p3(2PO) 3p      1.59737E-01  1.16325E+00  3.0
    756  8  8  300   2 2p3(2PO) 4p      2.71495E-01  1.27500E+00  3.0
    757  8  8  300   3 2p3(2PO) 5p      3.12430E-01  1.31594E+00  3.0
    758  8  8  300   4 2p3(2PO) 6p      3.32021E-01  1.33553E+00  3.0
    759  8  8  300   5 2p3(2PO) 7p      3.42912E-01  1.34642E+00  3.0
    760  8  8  300   6 2p3(2PO) 8p      3.49590E-01  1.35310E+00  3.0
    761  8  8  300   7 2p3(2PO) 9p      3.53978E-01  1.35749E+00  3.0
    762  8  8  300   8 2p3(2PO)10p      3.57017E-01  1.36053E+00  3.0
    763  8  8  301   1 2p3(4SO) 3s     -2.93894E-01  7.09616E-01  3.0
    764  8  8  301   2 2p3(4SO) 4s     -1.22358E-01  8.81152E-01  3.0
    765  8  8  301   3 2p3(4SO) 5s     -6.70033E-02  9.36507E-01  3.0
    766  8  8  301   4 2p3(4SO) 6s     -4.22472E-02  9.61263E-01  3.0
    767  8  8  301   5 2p3(4SO) 7s     -2.90590E-02  9.74451E-01  3.0
    768  8  8  301   6 2p3(4SO) 8s     -2.12072E-02  9.82303E-01  3.0
    769  8  8  301   7 2p3(4SO) 9s     -1.61567E-02  9.87353E-01  3.0
    770  8  8  301   8 2p3(4SO)10s     -1.27173E-02  9.90793E-01  3.0
    771  8  8  301   9 2p3(4SO)11s     -1.02699E-02  9.93240E-01  3.0
    772  8  8  310   1 2s2 2p4         -1.00351E+00  0.00000E+00  9.0
    773  8  8  310   2 2p3(4SO) 3p     -1.89969E-01  8.13541E-01  9.0
    774  8  8  310   3 2p3(4SO) 4p     -9.15127E-02  9.11997E-01  9.0
    775  8  8  310   4 2p3(4SO) 5p     -5.39101E-02  9.49600E-01  9.0
    776  8  8  310   5 2p3(4SO) 6p     -3.55168E-02  9.67993E-01  9.0
    777  8  8  310   6 2p3(4SO) 7p     -2.51541E-02  9.78356E-01  9.0
    778  8  8  310   7 2p3(4SO) 8p     -1.87438E-02  9.84766E-01  9.0
    779  8  8  310   8 2p3(4SO) 9p     -1.45042E-02  9.89006E-01  9.0
    780  8  8  310   9 2p3(4SO)10p     -1.15554E-02  9.91955E-01  9.0
    781  8  8  311   1 2p3(2PO) 3s      4.77531E-02  1.05126E+00  9.0
    782  8  8  311   2 2p3(2DO) 3d      1.25952E-01  1.12946E+00  9.0
    783  8  8  311   3 2s 2p5           1.54334E-01  1.15784E+00  9.0
    784  8  8  311   4 2p3(2DO) 4d      1.84117E-01  1.18763E+00  9.0
    785  8  8  311   5 2p3(2DO) 5d      2.05057E-01  1.20857E+00  9.0
    786  8  8  311   6 2p3(2DO) 6d      2.16886E-01  1.22040E+00  9.0
    787  8  8  311   7 2p3(2DO) 7d      2.24105E-01  1.22761E+00  9.0
    788  8  8  311   8 2p3(2DO) 8d      2.28817E-01  1.23233E+00  9.0
    789  8  8  311   9 2p3(2DO) 9d      2.32059E-01  1.23557E+00  9.0
    790  8  8  311  10 2p3(2DO)10d      2.34383E-01  1.23789E+00  9.0
    791  8  8  320   1 2p3(2DO) 3p      3.60014E-02  1.03951E+00 15.0
    792  8  8  320   2 2p3(2DO) 4p      1.46695E-01  1.15021E+00 15.0
    793  8  8  320   3 2p3(2PO) 3p      1.63214E-01  1.16672E+00 15.0
    794  8  8  320   4 2p3(2DO) 4f      1.81902E-01  1.18541E+00 15.0
    795  8  8  320   5 2p3(2DO) 5p      1.88326E-01  1.19184E+00 15.0
    796  8  8  320   6 2p3(2DO) 5f      2.04391E-01  1.20790E+00 15.0
    797  8  8  320   7 2p3(2DO) 6p      2.07735E-01  1.21125E+00 15.0
    798  8  8  320   8 2p3(2DO) 6f      2.16612E-01  1.22012E+00 15.0
    799  8  8  320   9 2p3(2DO) 7p      2.18575E-01  1.22208E+00 15.0
    800  8  8  320  10 2p3(2DO) 7f      2.23982E-01  1.22749E+00 15.0
    801  8  8  320  11 2p3(2DO) 8p      2.25231E-01  1.22874E+00 15.0
    802  8  8  320  12 2p3(2DO) 8f      2.28765E-01  1.23228E+00 15.0
    803  8  8  320  13 2p3(2DO) 9p      2.29609E-01  1.23312E+00 15.0
    804  8  8  320  14 2p3(2DO) 9f      2.32045E-01  1.23555E+00 15.0
    805  8  8  320  15 2p3(2DO)10p      2.32641E-01  1.23615E+00 15.0
    806  8  8  320  16 2p3(2DO)10f      2.34391E-01  1.23790E+00 15.0
    807  8  8  321   1 2p3(4SO) 3d     -1.11481E-01  8.92029E-01 15.0
    808  8  8  321   2 2p3(2DO) 3s     -7.00860E-02  9.33424E-01 15.0
    809  8  8  321   3 2p3(4SO) 4d     -6.26251E-02  9.40885E-01 15.0
    810  8  8  321   4 2p3(4SO) 5d     -4.01011E-02  9.63409E-01 15.0
    811  8  8  321   5 2p3(4SO) 6d     -2.78416E-02  9.75668E-01 15.0
    812  8  8  321   6 2p3(4SO) 7d     -2.04501E-02  9.83060E-01 15.0
    813  8  8  321   7 2p3(4SO) 8d     -1.56539E-02  9.87856E-01 15.0
    814  8  8  321   8 2p3(4SO) 9d     -1.23663E-02  9.91144E-01 15.0
    815  8  8  321   9 2p3(4SO)10d     -1.00152E-02  9.93495E-01 15.0
    816  8  8  330   1 2p3(4SO) 4f     -6.25066E-02  9.41003E-01 21.0
    817  8  8  330   2 2p3(4SO) 5f     -4.00049E-02  9.63505E-01 21.0
    818  8  8  330   3 2p3(4SO) 6f     -2.77811E-02  9.75729E-01 21.0
    819  8  8  330   4 2p3(4SO) 7f     -2.04104E-02  9.83100E-01 21.0
    820  8  8  330   5 2p3(4SO) 8f     -1.56266E-02  9.87883E-01 21.0
    821  8  8  330   6 2p3(4SO) 9f     -1.23468E-02  9.91163E-01 21.0
    822  8  8  330   7 2p3(4SO)10f     -1.00009E-02  9.93509E-01 21.0
    823  8  8  331   1 2p3(2DO) 3d      1.32148E-01  1.13566E+00 21.0
    824  8  8  331   2 2p3(2DO) 4d      1.81244E-01  1.18475E+00 21.0
    825  8  8  331   3 2p3(2DO) 5d      2.04017E-01  1.20753E+00 21.0
    826  8  8  331   4 2p3(2DO) 6d      2.16383E-01  1.21989E+00 21.0
    827  8  8  331   5 2p3(2DO) 7d      2.23832E-01  1.22734E+00 21.0
    828  8  8  331   6 2p3(2DO) 8d      2.28663E-01  1.23217E+00 21.0
    829  8  8  331   7 2p3(2DO) 9d      2.31972E-01  1.23548E+00 21.0
    830  8  8  331   8 2p3(2DO)10d      2.34337E-01  1.23785E+00 21.0
    831  8  8  340   1 2p3(2DO) 4f      1.81883E-01  1.18539E+00 27.0
    832  8  8  340   2 2p3(2DO) 5f      2.04385E-01  1.20790E+00 27.0
    833  8  8  340   3 2p3(2DO) 6f      2.16609E-01  1.22012E+00 27.0
    834  8  8  340   4 2p3(2DO) 7f      2.23980E-01  1.22749E+00 27.0
    835  8  8  340   5 2p3(2DO) 8f      2.28765E-01  1.23228E+00 27.0
    836  8  8  340   6 2p3(2DO) 9f      2.32045E-01  1.23555E+00 27.0
    837  8  8  501   1 2p3(4SO) 3s     -3.21618E-01  6.81892E-01  5.0
    838  8  8  501   2 2p3(4SO) 4s     -1.29298E-01  8.74212E-01  5.0
    839  8  8  501   3 2p3(4SO) 5s     -6.97565E-02  9.33753E-01  5.0
    840  8  8  501   4 2p3(4SO) 6s     -4.36117E-02  9.59898E-01  5.0
    841  8  8  501   5 2p3(4SO) 7s     -2.98327E-02  9.73677E-01  5.0
    842  8  8  501   6 2p3(4SO) 8s     -2.16877E-02  9.81822E-01  5.0
    843  8  8  501   7 2p3(4SO) 9s     -1.64754E-02  9.87035E-01  5.0
    844  8  8  501   8 2p3(4SO)10s     -1.29394E-02  9.90571E-01  5.0
    845  8  8  501   9 2p3(4SO)11s     -1.04308E-02  9.93079E-01  5.0
    846  8  8  510   1 2p3(4SO) 3p     -2.08196E-01  7.95314E-01 15.0
    847  8  8  510   2 2p3(4SO) 4p     -9.70244E-02  9.06486E-01 15.0
    848  8  8  510   3 2p3(4SO) 5p     -5.62360E-02  9.47274E-01 15.0
    849  8  8  510   4 2p3(4SO) 6p     -3.67004E-02  9.66810E-01 15.0
    850  8  8  510   5 2p3(4SO) 7p     -2.58342E-02  9.77676E-01 15.0
    851  8  8  510   6 2p3(4SO) 8p     -1.91695E-02  9.84340E-01 15.0
    852  8  8  510   7 2p3(4SO) 9p     -1.47880E-02  9.88722E-01 15.0
    853  8  8  510   8 2p3(4SO)10p     -1.17540E-02  9.91756E-01 15.0
    854  8  8  511   1 2p4(4PE) 3p      8.79279E-01  1.88279E+00 15.0
    855  8  8  511   2 2p4(4PE) 4p      9.94407E-01  1.99792E+00 15.0
    856  8  8  511   3 2p4(4PE) 5p      1.03600E+00  2.03951E+00 15.0
    857  8  8  511   4 2p4(4PE) 6p      1.05582E+00  2.05933E+00 15.0
    858  8  8  511   5 2p4(4PE) 7p      1.06681E+00  2.07032E+00 15.0
    859  8  8  511   6 2p4(4PE) 8p      1.07354E+00  2.07705E+00 15.0
    860  8  8  511   7 2p4(4PE) 9p      1.07795E+00  2.08146E+00 15.0
    861  8  8  511   8 2p4(4PE)10p      1.08101E+00  2.08452E+00 15.0
    862  8  8  520   1 2p4(4PE) 3d      9.79726E-01  1.98324E+00 25.0
    863  8  8  520   2 2p4(4PE) 4d      1.02927E+00  2.03278E+00 25.0
    864  8  8  520   3 2p4(4PE) 5d      1.05223E+00  2.05574E+00 25.0
    865  8  8  520   4 2p4(4PE) 6d      1.06469E+00  2.06820E+00 25.0
    866  8  8  520   5 2p4(4PE) 7d      1.07218E+00  2.07569E+00 25.0
    867  8  8  520   6 2p4(4PE) 8d      1.07704E+00  2.08055E+00 25.0
    868  8  8  520   7 2p4(4PE) 9d      1.08036E+00  2.08387E+00 25.0
    869  8  8  520   8 2p4(4PE)10d      1.08274E+00  2.08625E+00 25.0
    870  8  8  521   1 2p3(4SO) 3d     -1.12247E-01  8.91263E-01 25.0
    871  8  8  521   2 2p3(4SO) 4d     -6.31442E-02  9.40366E-01 25.0
    872  8  8  521   3 2p3(4SO) 5d     -4.03693E-02  9.63141E-01 25.0
    873  8  8  521   4 2p3(4SO) 6d     -2.80039E-02  9.75506E-01 25.0
    874  8  8  521   5 2p3(4SO) 7d     -2.05552E-02  9.82955E-01 25.0
    875  8  8  521   6 2p3(4SO) 8d     -1.57255E-02  9.87785E-01 25.0
    876  8  8  521   7 2p3(4SO) 9d     -1.24172E-02  9.91093E-01 25.0
    877  8  8  521   8 2p3(4SO)10d     -1.00527E-02  9.93457E-01 25.0
    878  8  8  530   1 2p3(4SO) 4f     -6.25090E-02  9.41001E-01 35.0
    879  8  8  530   2 2p3(4SO) 5f     -4.00069E-02  9.63503E-01 35.0
    880  8  8  530   3 2p3(4SO) 6f     -2.77825E-02  9.75727E-01 35.0
    881  8  8  530   4 2p3(4SO) 7f     -2.04114E-02  9.83099E-01 35.0
    882  8  8  530   5 2p3(4SO) 8f     -1.56273E-02  9.87883E-01 35.0
    883  8  8  530   6 2p3(4SO) 9f     -1.23473E-02  9.91163E-01 35.0
    884  8  8  530   7 2p3(4SO)10f     -1.00013E-02  9.93509E-01 35.0
    885  8  8  531   1 2p4(4PE) 4f      1.03028E+00  2.03379E+00 35.0
    886  8  8  531   2 2p4(4PE) 5f      1.05279E+00  2.05630E+00 35.0
    887  8  8  531   3 2p4(4PE) 6f      1.06502E+00  2.06853E+00 35.0
    888  8  8  531   4 2p4(4PE) 7f      1.07240E+00  2.07591E+00 35.0
    889  8  8  531   5 2p4(4PE) 8f      1.07718E+00  2.08069E+00 35.0
    890  8  8  531   6 2p4(4PE) 9f      1.08046E+00  2.08397E+00 35.0
    891  8  8  531   7 2p4(4PE)10f      1.08281E+00  2.08632E+00 35.0
 ====================================================================
