 ====================================================================
      i NZ NE iSLP iLV iCONF                 E(RYD)      TE(RYD)   gi
 ====================================================================
      1 14 12  100   1 3s2             -2.46589E+00  0.00000E+00  1.0
      2 14 12  100   2 3p2:            -1.05313E+00  1.41276E+00  1.0
      3 14 12  100   3 3s 4s:          -1.00828E+00  1.45761E+00  1.0
      4 14 12  100   4 3s 5s           -5.65520E-01  1.90037E+00  1.0
      5 14 12  100   5 3s 6s           -3.60896E-01  2.10499E+00  1.0
      6 14 12  100   6 3s 7s           -2.50468E-01  2.21542E+00  1.0
      7 14 12  100   7 3s 8s           -1.84210E-01  2.28168E+00  1.0
      8 14 12  100   8 3s 9s           -1.41483E-01  2.32441E+00  1.0
      9 14 12  100   9 3s10s           -1.14735E-01  2.35116E+00  1.0
     10 14 12  100  10 3p 4p           -1.06318E-01  2.35957E+00  1.0
     11 14 12  110   1 3p 4p           -2.47619E-01  2.21827E+00  3.0
     12 14 12  110   2 3p 5p            1.43117E-01  2.60901E+00  3.0
     13 14 12  110   3 3p 6p            3.22392E-01  2.78828E+00  3.0
     14 14 12  110   4 3p 7p            4.20760E-01  2.88665E+00  3.0
     15 14 12  110   5 3p 8p            4.80598E-01  2.94649E+00  3.0
     16 14 12  110   6 3p 9p            5.19858E-01  2.98575E+00  3.0
     17 14 12  110   7 3p10p            5.47034E-01  3.01292E+00  3.0
     18 14 12  111   1 3s 3p           -1.69951E+00  7.66380E-01  3.0
     19 14 12  111   2 3s 4p           -8.51046E-01  1.61484E+00  3.0
     20 14 12  111   3 3s 5p           -5.04873E-01  1.96102E+00  3.0
     21 14 12  111   4 3p 4s:          -3.73936E-01  2.09195E+00  3.0
     22 14 12  111   5 3s 6p           -3.15267E-01  2.15062E+00  3.0
     23 14 12  111   6 3p 3d:          -3.09810E-01  2.15608E+00  3.0
     24 14 12  111   7 3s 7p           -2.25036E-01  2.24085E+00  3.0
     25 14 12  111   8 3s 8p           -1.68403E-01  2.29749E+00  3.0
     26 14 12  111   9 3s 9p           -1.30516E-01  2.33537E+00  3.0
     27 14 12  111  10 3s10p           -1.04060E-01  2.36183E+00  3.0
     28 14 12  120   1 3p2             -1.35850E+00  1.10739E+00  5.0
     29 14 12  120   2 3s 3d           -9.41634E-01  1.52426E+00  5.0
     30 14 12  120   3 3s 4d           -5.96621E-01  1.86927E+00  5.0
     31 14 12  120   4 3s 5d           -3.87134E-01  2.07876E+00  5.0
     32 14 12  120   5 3s 6d           -2.69675E-01  2.19621E+00  5.0
     33 14 12  120   6 3s 7d:          -2.01963E-01  2.26393E+00  5.0
     34 14 12  120   7 3p 4p:          -1.65684E-01  2.30021E+00  5.0
     35 14 12  120   8 3s 8d           -1.38853E-01  2.32704E+00  5.0
     36 14 12  120   9 3s 9d           -1.12464E-01  2.35343E+00  5.0
     37 14 12  120  10 3s10d           -9.16513E-02  2.37424E+00  5.0
     38 14 12  121   1 3p 3d           -5.97395E-01  1.86849E+00  5.0
     39 14 12  121   2 3p 4d            9.46466E-03  2.47535E+00  5.0
     40 14 12  121   3 3p 5d            2.54195E-01  2.72008E+00  5.0
     41 14 12  121   4 3p 6d            3.81533E-01  2.84742E+00  5.0
     42 14 12  121   5 3p 7d            4.55916E-01  2.92181E+00  5.0
     43 14 12  121   6 3p 8d            5.03338E-01  2.96923E+00  5.0
     44 14 12  121   7 3p 9d            5.35426E-01  3.00132E+00  5.0
     45 14 12  121   8 3p10d            5.58099E-01  3.02399E+00  5.0
     46 14 12  130   1 3p 4f            6.09842E-02  2.52687E+00  7.0
     47 14 12  130   2 3p 5f            2.78455E-01  2.74434E+00  7.0
     48 14 12  130   3 3p 6f            3.94792E-01  2.86068E+00  7.0
     49 14 12  130   4 3p 7f            4.64003E-01  2.92989E+00  7.0
     50 14 12  130   5 3p 8f            5.08654E-01  2.97454E+00  7.0
     51 14 12  130   6 3p 9f            5.39121E-01  3.00501E+00  7.0
     52 14 12  130   7 3p10f            5.60835E-01  3.02672E+00  7.0
     53 14 12  131   1 3s 4f           -5.96408E-01  1.86948E+00  7.0
     54 14 12  131   2 3s 5f           -4.05701E-01  2.06019E+00  7.0
     55 14 12  131   3 3p 3d           -3.13112E-01  2.15278E+00  7.0
     56 14 12  131   4 3s 6f           -2.37689E-01  2.22820E+00  7.0
     57 14 12  131   5 3s 7f           -1.79466E-01  2.28642E+00  7.0
     58 14 12  131   6 3s 8f           -1.38927E-01  2.32696E+00  7.0
     59 14 12  131   7 3s 9f           -1.10396E-01  2.35549E+00  7.0
     60 14 12  140   1 3s 5g           -3.62036E-01  2.10385E+00  9.0
     61 14 12  140   2 3s 6g           -2.51557E-01  2.21433E+00  9.0
     62 14 12  140   3 3s 7g           -1.84868E-01  2.28102E+00  9.0
     63 14 12  140   4 3s 8g           -1.41548E-01  2.32434E+00  9.0
     64 14 12  140   5 3s 9g           -1.11836E-01  2.35405E+00  9.0
     65 14 12  140   6 3s10g           -9.05783E-02  2.37531E+00  9.0
     66 14 12  141   1 3p 5g            2.86859E-01  2.75275E+00  9.0
     67 14 12  141   2 3p 6g            3.99246E-01  2.86514E+00  9.0
     68 14 12  141   3 3p 7g            4.66754E-01  2.93264E+00  9.0
     69 14 12  141   4 3p 8g            5.10453E-01  2.97634E+00  9.0
     70 14 12  141   5 3p 9g            5.40357E-01  3.00625E+00  9.0
     71 14 12  141   6 3p10g            5.61721E-01  3.02761E+00  9.0
     72 14 12  300   1 3s 4s           -1.06326E+00  1.40263E+00  3.0
     73 14 12  300   2 3s 5s           -5.79645E-01  1.88625E+00  3.0
     74 14 12  300   3 3s 6s           -3.66997E-01  2.09889E+00  3.0
     75 14 12  300   4 3s 7s           -2.53704E-01  2.21219E+00  3.0
     76 14 12  300   5 3p 4p           -1.92871E-01  2.27302E+00  3.0
     77 14 12  300   6 3s 8s           -1.84148E-01  2.28174E+00  3.0
     78 14 12  300   7 3s 9s           -1.41801E-01  2.32409E+00  3.0
     79 14 12  300   8 3s10s           -1.11960E-01  2.35393E+00  3.0
     80 14 12  300   9 3s11s           -9.06189E-02  2.37527E+00  3.0
     81 14 12  310   1 3p2             -1.27869E+00  1.18720E+00  9.0
     82 14 12  310   2 3p 4p           -1.98782E-01  2.26711E+00  9.0
     83 14 12  310   3 3p 5p            1.57171E-01  2.62306E+00  9.0
     84 14 12  310   4 3d2:             3.05921E-01  2.77181E+00  9.0
     85 14 12  310   5 3p 6p:           3.29345E-01  2.79523E+00  9.0
     86 14 12  310   6 3p 7p            4.24356E-01  2.89025E+00  9.0
     87 14 12  310   7 3p 8p            4.82804E-01  2.94869E+00  9.0
     88 14 12  310   8 3p 9p            5.21315E-01  2.98721E+00  9.0
     89 14 12  310   9 3p10p            5.48049E-01  3.01394E+00  9.0
     90 14 12  311   1 3s 3p           -1.98926E+00  4.76630E-01  9.0
     91 14 12  311   2 3s 4p           -8.63850E-01  1.60204E+00  9.0
     92 14 12  311   3 3s 5p           -5.00257E-01  1.96563E+00  9.0
     93 14 12  311   4 3p 3d:          -4.91458E-01  1.97443E+00  9.0
     94 14 12  311   5 3p 4s:          -3.94387E-01  2.07150E+00  9.0
     95 14 12  311   6 3s 6p           -3.23702E-01  2.14219E+00  9.0
     96 14 12  311   7 3s 7p           -2.28466E-01  2.23742E+00  9.0
     97 14 12  311   8 3s 8p           -1.69882E-01  2.29601E+00  9.0
     98 14 12  311   9 3s 9p           -1.31286E-01  2.33460E+00  9.0
     99 14 12  311  10 3s10p           -1.04502E-01  2.36139E+00  9.0
    100 14 12  320   1 3s 3d           -1.16046E+00  1.30543E+00 15.0
    101 14 12  320   2 3s 4d           -6.23448E-01  1.84244E+00 15.0
    102 14 12  320   3 3s 5d           -3.92172E-01  2.07372E+00 15.0
    103 14 12  320   4 3s 6d           -2.71627E-01  2.19426E+00 15.0
    104 14 12  320   5 3p 4p           -2.28854E-01  2.23704E+00 15.0
    105 14 12  320   6 3s 7d           -1.91133E-01  2.27476E+00 15.0
    106 14 12  320   7 3s 8d           -1.46702E-01  2.31919E+00 15.0
    107 14 12  320   8 3s 9d           -1.15555E-01  2.35033E+00 15.0
    108 14 12  320   9 3s10d           -9.32947E-02  2.37260E+00 15.0
    109 14 12  321   1 3p 3d           -4.78166E-01  1.98772E+00 15.0
    110 14 12  321   2 3p 4d            2.36780E-02  2.48957E+00 15.0
    111 14 12  321   3 3p 5d            2.57155E-01  2.72304E+00 15.0
    112 14 12  321   4 3p 6d            3.81932E-01  2.84782E+00 15.0
    113 14 12  321   5 3p 7d            4.55391E-01  2.92128E+00 15.0
    114 14 12  321   6 3p 8d            5.02317E-01  2.96821E+00 15.0
    115 14 12  321   7 3p 9d            5.33952E-01  2.99984E+00 15.0
    116 14 12  321   8 3p10d            5.55977E-01  3.02187E+00 15.0
    117 14 12  330   1 3p 4f            5.27869E-02  2.51868E+00 21.0
    118 14 12  330   2 3d2              2.19076E-01  2.68497E+00 21.0
    119 14 12  330   3 3p 5f            2.95941E-01  2.76183E+00 21.0
    120 14 12  330   4 3p 6f            3.99432E-01  2.86532E+00 21.0
    121 14 12  330   5 3p 7f            4.66192E-01  2.93208E+00 21.0
    122 14 12  330   6 3p 8f            5.09907E-01  2.97580E+00 21.0
    123 14 12  330   7 3p 9f            5.39917E-01  3.00581E+00 21.0
    124 14 12  330   8 3p10f            5.61375E-01  3.02727E+00 21.0
    125 14 12  331   1 3p 3d           -6.55389E-01  1.81050E+00 21.0
    126 14 12  331   2 3s 4f           -5.51957E-01  1.91393E+00 21.0
    127 14 12  331   3 3s 5f           -3.63069E-01  2.10282E+00 21.0
    128 14 12  331   4 3s 6f           -2.52405E-01  2.21349E+00 21.0
    129 14 12  331   5 3s 7f           -1.85429E-01  2.28046E+00 21.0
    130 14 12  331   6 3s 8f           -1.41902E-01  2.32399E+00 21.0
    131 14 12  331   7 3s 9f           -1.12061E-01  2.35383E+00 21.0
    132 14 12  331   8 3s10f           -9.07244E-02  2.37517E+00 21.0
    133 14 12  340   1 3s 5g           -3.62048E-01  2.10384E+00 27.0
    134 14 12  340   2 3s 6g           -2.51565E-01  2.21432E+00 27.0
    135 14 12  340   3 3s 7g           -1.84871E-01  2.28102E+00 27.0
    136 14 12  340   4 3s 8g           -1.41548E-01  2.32434E+00 27.0
    137 14 12  340   5 3s 9g           -1.11833E-01  2.35406E+00 27.0
    138 14 12  340   6 3s10g           -9.05740E-02  2.37532E+00 27.0
    139 14 12  341   1 3p 5g            2.86874E-01  2.75276E+00 27.0
    140 14 12  341   2 3p 6g            3.99255E-01  2.86514E+00 27.0
    141 14 12  341   3 3p 7g            4.66759E-01  2.93265E+00 27.0
    142 14 12  341   4 3p 8g            5.10456E-01  2.97635E+00 27.0
    143 14 12  341   5 3p 9g            5.40359E-01  3.00625E+00 27.0
    144 14 12  341   6 3p10g            5.61722E-01  3.02761E+00 27.0
    145 14 13  200   1 3s2 4s          -6.03351E-01  5.93079E-01  2.0
    146 14 13  200   2 3s 3p2          -4.86001E-01  7.10429E-01  2.0
    147 14 13  200   3 3s2 5s          -3.06062E-01  8.90368E-01  2.0
    148 14 13  200   4 3s2 6s          -1.86818E-01  1.00961E+00  2.0
    149 14 13  200   5 3s2 7s          -1.26136E-01  1.07029E+00  2.0
    150 14 13  200   6 3s2 8s          -9.08876E-02  1.10554E+00  2.0
    151 14 13  200   7 3s2 9s          -6.86029E-02  1.12783E+00  2.0
    152 14 13  200   8 3s210s          -5.36191E-02  1.14281E+00  2.0
    153 14 13  200   9 3s211s          -4.30608E-02  1.15337E+00  2.0
    154 14 13  201   1 3p2(3PE) 4p      6.68685E-01  1.86511E+00  2.0
    155 14 13  201   2 3p2(3PE) 5p      9.19688E-01  2.11612E+00  2.0
    156 14 13  201   3 3p2(3PE) 6p      1.01881E+00  2.21524E+00  2.0
    157 14 13  201   4 3p2(3PE) 7p      1.07038E+00  2.26681E+00  2.0
    158 14 13  201   5 3p2(3PE) 8p      1.10106E+00  2.29749E+00  2.0
    159 14 13  201   6 3p2(3PE) 9p      1.12081E+00  2.31724E+00  2.0
    160 14 13  201   7 3p2(3PE)10p      1.13428E+00  2.33071E+00  2.0
    161 14 13  201   8 3p2(3PE)11p      1.14388E+00  2.34031E+00  2.0
    162 14 13  210   1 3s 3p2          -4.23480E-01  7.72950E-01  6.0
    163 14 13  210   2 3s3p(3PO) 4p    -5.42637E-03  1.19100E+00  6.0
    164 14 13  210   3 3s3p(3PO) 5p     2.22078E-01  1.41851E+00  6.0
    165 14 13  210   4 3s3p(1PO) 4p     2.98751E-01  1.49518E+00  6.0
    166 14 13  210   5 3s3p(3PO) 6p     3.20621E-01  1.51705E+00  6.0
    167 14 13  210   6 3s3p(3PO) 7p     3.69635E-01  1.56606E+00  6.0
    168 14 13  210   7 3s3p(3PO) 8p     3.99796E-01  1.59623E+00  6.0
    169 14 13  210   8 3s3p(3PO) 9p     4.19358E-01  1.61579E+00  6.0
    170 14 13  210   9 3s3p(3PO)10p     4.32748E-01  1.62918E+00  6.0
    171 14 13  210  10 3s3p(3PO)11p     4.42311E-01  1.63874E+00  6.0
    172 14 13  211   1 3s2 3p          -1.19643E+00  0.00000E+00  6.0
    173 14 13  211   2 3s2 4p          -4.61714E-01  7.34716E-01  6.0
    174 14 13  211   3 3s2 5p          -2.53325E-01  9.43105E-01  6.0
    175 14 13  211   4 3s2 6p          -1.61912E-01  1.03452E+00  6.0
    176 14 13  211   5 3s2 7p          -1.15912E-01  1.08052E+00  6.0
    177 14 13  211   6 3s3p(3PO) 4s    -1.00257E-01  1.09617E+00  6.0
    178 14 13  211   7 3s2 8p          -8.01111E-02  1.11632E+00  6.0
    179 14 13  211   8 3s2 9p          -6.21082E-02  1.13432E+00  6.0
    180 14 13  211   9 3s3p(3PO) 3d    -5.10662E-02  1.14536E+00  6.0
    181 14 13  211  10 3s210p          -4.77122E-02  1.14872E+00  6.0
    182 14 13  220   1 3s 3p2          -7.04104E-01  4.92326E-01 10.0
    183 14 13  220   2 3s2 3d          -4.75414E-01  7.21016E-01 10.0
    184 14 13  220   3 3s2 4d          -2.78566E-01  9.17864E-01 10.0
    185 14 13  220   4 3s2 5d          -1.76051E-01  1.02038E+00 10.0
    186 14 13  220   5 3s2 6d          -1.20754E-01  1.07568E+00 10.0
    187 14 13  220   6 3s2 7d          -8.78185E-02  1.10861E+00 10.0
    188 14 13  220   7 3s2 8d          -6.66947E-02  1.12974E+00 10.0
    189 14 13  220   8 3s2 9d          -5.23562E-02  1.14407E+00 10.0
    190 14 13  220   9 3s210d          -4.21840E-02  1.15425E+00 10.0
    191 14 13  221   1 3s3p(3PO) 3d    -2.26606E-01  9.69824E-01 10.0
    192 14 13  221   2 3p3              3.17187E-02  1.22815E+00 10.0
    193 14 13  221   3 3s3p(3PO) 4d     1.69791E-01  1.36622E+00 10.0
    194 14 13  221   4 3s3p(1PO) 3d     2.65541E-01  1.46197E+00 10.0
    195 14 13  221   5 3s3p(3PO) 5d     3.20535E-01  1.51696E+00 10.0
    196 14 13  221   6 3s3p(3PO) 6d     3.64553E-01  1.56098E+00 10.0
    197 14 13  221   7 3s3p(3PO) 7d     3.95204E-01  1.59163E+00 10.0
    198 14 13  221   8 3s3p(3PO) 8d     4.15756E-01  1.61219E+00 10.0
    199 14 13  221   9 3s3p(3PO) 9d     4.29938E-01  1.62637E+00 10.0
    200 14 13  221  10 3s3p(3PO)10d     4.40072E-01  1.63650E+00 10.0
    201 14 13  230   1 3s3p(3PO) 4f     2.15990E-01  1.41242E+00 14.0
    202 14 13  230   2 3s3p(3PO) 5f     3.12990E-01  1.50942E+00 14.0
    203 14 13  230   3 3s3p(3PO) 6f     3.65106E-01  1.56154E+00 14.0
    204 14 13  230   4 3s3p(3PO) 7f     3.95934E-01  1.59236E+00 14.0
    205 14 13  230   5 3s3p(3PO) 8f     4.15175E-01  1.61160E+00 14.0
    206 14 13  230   6 3p2(1DE) 3d      4.27171E-01  1.62360E+00 14.0
    207 14 13  230   7 3s3p(3PO) 9f:    4.35746E-01  1.63218E+00 14.0
    208 14 13  231   1 3s2 4f          -2.57690E-01  9.38740E-01 14.0
    209 14 13  231   2 3s2 5f          -1.64645E-01  1.03179E+00 14.0
    210 14 13  231   3 3s2 6f          -1.14069E-01  1.08236E+00 14.0
    211 14 13  231   4 3s2 7f          -8.36185E-02  1.11281E+00 14.0
    212 14 13  231   5 3s2 8f          -6.38918E-02  1.13254E+00 14.0
    213 14 13  231   6 3s2 9f          -5.03928E-02  1.14604E+00 14.0
    214 14 13  231   7 3s210f          -4.07543E-02  1.15568E+00 14.0
    215 14 13  240   1 3s2 5g          -1.60913E-01  1.03552E+00 18.0
    216 14 13  240   2 3s2 6g          -1.11688E-01  1.08474E+00 18.0
    217 14 13  240   3 3s2 7g          -8.20248E-02  1.11441E+00 18.0
    218 14 13  240   4 3s2 8g          -6.27763E-02  1.13365E+00 18.0
    219 14 13  240   5 3s2 9g          -4.95834E-02  1.14685E+00 18.0
    220 14 13  240   6 3s210g          -4.01497E-02  1.15628E+00 18.0
    221 14 13  241   1 3s3p(3PO) 5g     3.20094E-01  1.51652E+00 18.0
    222 14 13  241   2 3s3p(3PO) 6g     3.70229E-01  1.56666E+00 18.0
    223 14 13  241   3 3s3p(3PO) 7g     4.00224E-01  1.59665E+00 18.0
    224 14 13  241   4 3s3p(3PO) 8g     4.19661E-01  1.61609E+00 18.0
    225 14 13  241   5 3s3p(3PO) 9g     4.32971E-01  1.62940E+00 18.0
    226 14 13  241   6 3s3p(3PO)10g     4.42481E-01  1.63891E+00 18.0
    227 14 13  251   1 3s2 6h          -1.11186E-01  1.08524E+00 22.0
    228 14 13  251   2 3s2 7h          -8.16951E-02  1.11473E+00 22.0
    229 14 13  251   3 3s2 8h          -6.25466E-02  1.13388E+00 22.0
    230 14 13  251   4 3s2 9h          -4.94174E-02  1.14701E+00 22.0
    231 14 13  251   5 3s210h          -4.00262E-02  1.15640E+00 22.0
    232 14 13  400   1 3s3p(3PO) 4p     1.33569E-02  1.20979E+00  4.0
    233 14 13  400   2 3s3p(3PO) 5p     2.33769E-01  1.43020E+00  4.0
    234 14 13  400   3 3s3p(3PO) 6p     3.24136E-01  1.52057E+00  4.0
    235 14 13  400   4 3s3p(3PO) 7p     3.72710E-01  1.56914E+00  4.0
    236 14 13  400   5 3s3p(3PO) 8p     4.01895E-01  1.59833E+00  4.0
    237 14 13  400   6 3s3p(3PO) 9p     4.20830E-01  1.61726E+00  4.0
    238 14 13  400   7 3s3p(3PO)10p     4.33815E-01  1.63024E+00  4.0
    239 14 13  401   1 3p3             -8.50258E-02  1.11140E+00  4.0
    240 14 13  401   2 3p2(3PE) 4p      7.23198E-01  1.91963E+00  4.0
    241 14 13  401   3 3p2(3PE) 5p      9.35666E-01  2.13210E+00  4.0
    242 14 13  401   4 3p2(3PE) 6p      1.02646E+00  2.22289E+00  4.0
    243 14 13  401   5 3p2(3PE) 7p      1.07465E+00  2.27108E+00  4.0
    244 14 13  401   6 3p2(3PE) 8p      1.10369E+00  2.30012E+00  4.0
    245 14 13  401   7 3p2(3PE) 9p      1.12255E+00  2.31898E+00  4.0
    246 14 13  401   8 3p2(3PE)10p      1.13549E+00  2.33192E+00  4.0
    247 14 13  410   1 3s 3p2          -8.24251E-01  3.72179E-01 12.0
    248 14 13  410   2 3s3p(3PO) 4p     5.71163E-03  1.20214E+00 12.0
    249 14 13  410   3 3s3p(3PO) 5p     2.29664E-01  1.42609E+00 12.0
    250 14 13  410   4 3s3p(3PO) 6p     3.22633E-01  1.51906E+00 12.0
    251 14 13  410   5 3s3p(3PO) 7p     3.71797E-01  1.56823E+00 12.0
    252 14 13  410   6 3s3p(3PO) 8p     4.01315E-01  1.59774E+00 12.0
    253 14 13  410   7 3s3p(3PO) 9p     4.20440E-01  1.61687E+00 12.0
    254 14 13  410   8 3s3p(3PO)10p     4.33541E-01  1.62997E+00 12.0
    255 14 13  411   1 3s3p(3PO) 4s    -1.49883E-01  1.04655E+00 12.0
    256 14 13  411   2 3s3p(3PO) 3d    -7.44929E-02  1.12194E+00 12.0
    257 14 13  411   3 3s3p(3PO) 5s     1.72711E-01  1.36914E+00 12.0
    258 14 13  411   4 3s3p(3PO) 4d     1.96414E-01  1.39284E+00 12.0
    259 14 13  411   5 3s3p(3PO) 6s     2.94412E-01  1.49084E+00 12.0
    260 14 13  411   6 3s3p(3PO) 5d     3.04795E-01  1.50122E+00 12.0
    261 14 13  411   7 3s3p(3PO) 7s     3.55892E-01  1.55232E+00 12.0
    262 14 13  411   8 3s3p(3PO) 6d     3.61402E-01  1.55783E+00 12.0
    263 14 13  411   9 3s3p(3PO) 8s     3.91477E-01  1.58791E+00 12.0
    264 14 13  411  10 3s3p(3PO) 7d     3.94770E-01  1.59120E+00 12.0
    265 14 13  411  11 3s3p(3PO) 9s     4.13932E-01  1.61036E+00 12.0
    266 14 13  411  12 3s3p(3PO) 8d     4.16063E-01  1.61249E+00 12.0
    267 14 13  411  13 3s3p(3PO)10s     4.29013E-01  1.62544E+00 12.0
    268 14 13  411  14 3s3p(3PO) 9d     4.30473E-01  1.62690E+00 12.0
    269 14 13  411  15 3s3p(3PO)11s     4.39631E-01  1.63606E+00 12.0
    270 14 13  411  16 3s3p(3PO)10d     4.40675E-01  1.63710E+00 12.0
    271 14 13  420   1 3s3p(3PO) 4p    -1.50087E-02  1.18142E+00 20.0
    272 14 13  420   2 3s3p(3PO) 5p     2.23621E-01  1.42005E+00 20.0
    273 14 13  420   3 3s3p(3PO) 4f     2.33346E-01  1.42978E+00 20.0
    274 14 13  420   4 3s3p(3PO) 6p     3.18695E-01  1.51513E+00 20.0
    275 14 13  420   5 3s3p(3PO) 5f     3.22978E-01  1.51941E+00 20.0
    276 14 13  420   6 3s3p(3PO) 7p     3.69243E-01  1.56567E+00 20.0
    277 14 13  420   7 3s3p(3PO) 6f     3.71763E-01  1.56819E+00 20.0
    278 14 13  420   8 3s3p(3PO) 8p     3.99556E-01  1.59599E+00 20.0
    279 14 13  420   9 3s3p(3PO) 7f     4.01224E-01  1.59765E+00 20.0
    280 14 13  420  10 3s3p(3PO) 8f     4.19183E-01  1.61561E+00 20.0
    281 14 13  420  11 3s3p(3PO) 9p     4.20350E-01  1.61678E+00 20.0
    282 14 13  420  12 3s3p(3PO) 9f     4.32613E-01  1.62904E+00 20.0
    283 14 13  420  13 3s3p(3PO)10p     4.33463E-01  1.62989E+00 20.0
    284 14 13  420  14 3s3p(3PO)10f     4.42204E-01  1.63863E+00 20.0
    285 14 13  421   1 3s3p(3PO) 3d    -7.78098E-02  1.11862E+00 20.0
    286 14 13  421   2 3s3p(3PO) 4d     1.90318E-01  1.38675E+00 20.0
    287 14 13  421   3 3s3p(3PO) 5d     3.01589E-01  1.49802E+00 20.0
    288 14 13  421   4 3s3p(3PO) 6d     3.59581E-01  1.55601E+00 20.0
    289 14 13  421   5 3s3p(3PO) 7d     3.93612E-01  1.59004E+00 20.0
    290 14 13  421   6 3s3p(3PO) 8d     4.15274E-01  1.61170E+00 20.0
    291 14 13  421   7 3s3p(3PO) 9d     4.29911E-01  1.62634E+00 20.0
    292 14 13  421   8 3s3p(3PO)10d     4.40262E-01  1.63669E+00 20.0
    293 14 13  430   1 3s3p(3PO) 4f     2.16838E-01  1.41327E+00 28.0
    294 14 13  430   2 3s3p(3PO) 5f     3.13781E-01  1.51021E+00 28.0
    295 14 13  430   3 3s3p(3PO) 6f     3.66006E-01  1.56244E+00 28.0
    296 14 13  430   4 3s3p(3PO) 7f     3.97255E-01  1.59368E+00 28.0
    297 14 13  430   5 3s3p(3PO) 8f     4.17459E-01  1.61389E+00 28.0
    298 14 13  430   6 3s3p(3PO) 9f     4.31282E-01  1.62771E+00 28.0
    299 14 13  430   7 3s3p(3PO)10f     4.41152E-01  1.63758E+00 28.0
    300 14 13  431   1 3s3p(3PO) 3d    -1.72637E-01  1.02379E+00 28.0
    301 14 13  431   2 3s3p(3PO) 4d     1.78452E-01  1.37488E+00 28.0
    302 14 13  431   3 3s3p(3PO) 5d     2.97631E-01  1.49406E+00 28.0
    303 14 13  431   4 3s3p(3PO) 5g     3.23449E-01  1.51988E+00 28.0
    304 14 13  431   5 3s3p(3PO) 6d     3.57756E-01  1.55419E+00 28.0
    305 14 13  431   6 3s3p(3PO) 6g     3.71965E-01  1.56839E+00 28.0
    306 14 13  431   7 3s3p(3PO) 7d     3.92646E-01  1.58908E+00 28.0
    307 14 13  431   8 3s3p(3PO) 7g     4.01342E-01  1.59777E+00 28.0
    308 14 13  431   9 3s3p(3PO) 8d     4.14709E-01  1.61114E+00 28.0
    309 14 13  431  10 3s3p(3PO) 8g     4.20425E-01  1.61685E+00 28.0
    310 14 13  431  11 3s3p(3PO) 9d     4.29553E-01  1.62598E+00 28.0
    311 14 13  431  12 3s3p(3PO) 9g     4.33514E-01  1.62994E+00 28.0
    312 14 13  431  13 3s3p(3PO)10d     4.40021E-01  1.63645E+00 28.0
    313 14 13  440   1 3s3p(3PO) 4f     2.27913E-01  1.42434E+00 36.0
    314 14 13  440   2 3s3p(3PO) 5f     3.19726E-01  1.51616E+00 36.0
    315 14 13  440   3 3s3p(3PO) 6f     3.69740E-01  1.56617E+00 36.0
    316 14 13  440   4 3s3p(3PO) 6h     3.71971E-01  1.56840E+00 36.0
    317 14 13  440   5 3s3p(3PO) 7f     3.99900E-01  1.59633E+00 36.0
    318 14 13  440   6 3s3p(3PO) 7h     4.01364E-01  1.59779E+00 36.0
    319 14 13  440   7 3s3p(3PO) 8f     4.19439E-01  1.61587E+00 36.0
    320 14 13  440   8 3s3p(3PO) 8h     4.20441E-01  1.61687E+00 36.0
    321 14 13  440   9 3s3p(3PO) 9f     4.32812E-01  1.62924E+00 36.0
    322 14 13  440  10 3s3p(3PO) 9h     4.33526E-01  1.62996E+00 36.0
    323 14 13  440  11 3s3p(3PO)10f     4.42363E-01  1.63879E+00 36.0
    324 14 13  441   1 3s3p(3PO) 5g     3.20095E-01  1.51653E+00 36.0
    325 14 13  441   2 3s3p(3PO) 6g     3.70230E-01  1.56666E+00 36.0
    326 14 13  441   3 3s3p(3PO) 7g     4.00225E-01  1.59666E+00 36.0
    327 14 13  441   4 3s3p(3PO) 8g     4.19661E-01  1.61609E+00 36.0
    328 14 13  441   5 3s3p(3PO) 9g     4.32971E-01  1.62940E+00 36.0
    329 14 13  441   6 3s3p(3PO)10g     4.42481E-01  1.63891E+00 36.0
    330 14 13  451   1 3s3p(3PO) 5g     3.22728E-01  1.51916E+00 44.0
    331 14 13  451   2 3s3p(3PO) 6g     3.71581E-01  1.56801E+00 44.0
    332 14 13  451   3 3s3p(3PO) 7g     4.01094E-01  1.59752E+00 44.0
    333 14 13  451   4 3s3p(3PO) 8g     4.20256E-01  1.61669E+00 44.0
    334 14 13  451   5 3s3p(3PO) 9g     4.33393E-01  1.62982E+00 44.0
    335 14 13  451   6 3s3p(3PO)10g     4.42791E-01  1.63922E+00 44.0
    336 14 14  100   1 3s2 3p2         -4.54321E-01  1.46972E-01  1.0
    337 14 14  100   2 3s2 3p 4p       -1.23852E-01  4.77441E-01  1.0
    338 14 14  100   3 3s2 3p 5p       -6.76574E-02  5.33636E-01  1.0
    339 14 14  100   4 3s2 3p 6p       -4.26130E-02  5.58680E-01  1.0
    340 14 14  100   5 3s2 3p 7p       -2.92824E-02  5.72011E-01  1.0
    341 14 14  100   6 3s2 3p 8p       -2.13523E-02  5.79941E-01  1.0
    342 14 14  100   7 3s2 3p 9p       -1.62555E-02  5.85038E-01  1.0
    343 14 14  100   8 3s2 3p10p       -1.27873E-02  5.88506E-01  1.0
    344 14 14  100   9 3s2 3p11p       -1.03212E-02  5.90972E-01  1.0
    345 14 14  101   1 3s 3p2(2PE) 4p   5.88418E-01  1.18971E+00  1.0
    346 14 14  101   2 3s 3p2(2PE) 5p   6.89783E-01  1.29108E+00  1.0
    347 14 14  101   3 3s 3p2(2PE) 6p   7.25466E-01  1.32676E+00  1.0
    348 14 14  101   4 3s 3p2(2PE) 7p   7.42737E-01  1.34403E+00  1.0
    349 14 14  101   5 3s 3p2(2PE) 8p   7.52496E-01  1.35379E+00  1.0
    350 14 14  101   6 3s 3p2(2PE) 9p   7.58560E-01  1.35985E+00  1.0
    351 14 14  101   7 3s 3p2(2PE)10p   7.62589E-01  1.36388E+00  1.0
    352 14 14  101   8 3s 3p2(2PE)11p   7.65404E-01  1.36670E+00  1.0
    353 14 14  110   1 3s2 3p 4p       -1.66954E-01  4.34339E-01  3.0
    354 14 14  110   2 3s2 3p 5p       -8.22839E-02  5.19009E-01  3.0
    355 14 14  110   3 3s2 3p 6p       -4.93079E-02  5.51985E-01  3.0
    356 14 14  110   4 3s2 3p 7p       -3.29385E-02  5.68355E-01  3.0
    357 14 14  110   5 3s2 3p 8p       -2.35670E-02  5.77726E-01  3.0
    358 14 14  110   6 3s2 3p 9p       -1.76993E-02  5.83594E-01  3.0
    359 14 14  110   7 3s2 3p10p       -1.37813E-02  5.87512E-01  3.0
    360 14 14  110   8 3s2 3p11p       -1.10349E-02  5.90258E-01  3.0
    361 14 14  111   1 3s2 3p 4s       -2.25526E-01  3.75767E-01  3.0
    362 14 14  111   2 3s2 3p 3d       -1.15385E-01  4.85908E-01  3.0
    363 14 14  111   3 3s2 3p 5s       -1.00537E-01  5.00756E-01  3.0
    364 14 14  111   4 3s2 3p 4d       -6.42151E-02  5.37078E-01  3.0
    365 14 14  111   5 3s2 3p 6s       -5.75050E-02  5.43788E-01  3.0
    366 14 14  111   6 3s2 3p 5d       -4.10036E-02  5.60289E-01  3.0
    367 14 14  111   7 3s2 3p 7s       -3.73096E-02  5.63983E-01  3.0
    368 14 14  111   8 3s2 3p 6d       -2.83955E-02  5.72898E-01  3.0
    369 14 14  111   9 3s2 3p 8s       -2.61773E-02  5.75116E-01  3.0
    370 14 14  111  10 3s2 3p 7d       -2.08125E-02  5.80481E-01  3.0
    371 14 14  111  11 3s2 3p 9s       -1.93831E-02  5.81910E-01  3.0
    372 14 14  111  12 3s2 3p 8d       -1.59029E-02  5.85390E-01  3.0
    373 14 14  111  13 3s2 3p10s       -1.49304E-02  5.86363E-01  3.0
    374 14 14  111  14 3s2 3p 9d       -1.25443E-02  5.88749E-01  3.0
    375 14 14  111  15 3s2 3p11s       -1.18539E-02  5.89439E-01  3.0
    376 14 14  111  16 3s2 3p10d       -1.01466E-02  5.91146E-01  3.0
    377 14 14  120   1 3s2 3p2         -5.43261E-01  5.80320E-02  5.0
    378 14 14  120   2 3s2 3p 4p       -1.37826E-01  4.63467E-01  5.0
    379 14 14  120   3 3s2 3p 5p       -7.28248E-02  5.28468E-01  5.0
    380 14 14  120   4 3s2 3p 4f       -6.22111E-02  5.39082E-01  5.0
    381 14 14  120   5 3s2 3p 6p       -4.50486E-02  5.56244E-01  5.0
    382 14 14  120   6 3s2 3p 5f       -3.99118E-02  5.61381E-01  5.0
    383 14 14  120   7 3s2 3p 7p       -3.06482E-02  5.70645E-01  5.0
    384 14 14  120   8 3s2 3p 6f       -2.77363E-02  5.73557E-01  5.0
    385 14 14  120   9 3s2 3p 8p       -2.21937E-02  5.79099E-01  5.0
    386 14 14  120  10 3s2 3p 7f       -2.03864E-02  5.80907E-01  5.0
    387 14 14  120  11 3s2 3p 9p       -1.68099E-02  5.84483E-01  5.0
    388 14 14  120  12 3s2 3p 8f       -1.56125E-02  5.85681E-01  5.0
    389 14 14  120  13 3s2 3p10p       -1.31718E-02  5.88121E-01  5.0
    390 14 14  120  14 3s2 3p 9f       -1.23379E-02  5.88955E-01  5.0
    391 14 14  120  15 3s2 3p11p       -1.05987E-02  5.90694E-01  5.0
    392 14 14  121   1 3s2 3p 3d       -1.76389E-01  4.24904E-01  5.0
    393 14 14  121   2 3s2 3p 4d       -8.63954E-02  5.14898E-01  5.0
    394 14 14  121   3 3s2 3p 5d       -5.16433E-02  5.49650E-01  5.0
    395 14 14  121   4 3s2 3p 6d       -3.43005E-02  5.66993E-01  5.0
    396 14 14  121   5 3s2 3p 7d       -2.44347E-02  5.76858E-01  5.0
    397 14 14  121   6 3s2 3p 8d       -1.82854E-02  5.83008E-01  5.0
    398 14 14  121   7 3s2 3p 9d       -1.41945E-02  5.87099E-01  5.0
    399 14 14  121   8 3s2 3p10d       -1.13365E-02  5.89957E-01  5.0
    400 14 14  130   1 3s2 3p 4f       -6.42849E-02  5.37008E-01  7.0
    401 14 14  130   2 3s2 3p 5f       -4.09155E-02  5.60378E-01  7.0
    402 14 14  130   3 3s2 3p 6f       -2.83272E-02  5.72966E-01  7.0
    403 14 14  130   4 3s2 3p 7f       -2.07597E-02  5.80533E-01  7.0
    404 14 14  130   5 3s2 3p 8f       -1.58627E-02  5.85430E-01  7.0
    405 14 14  130   6 3s2 3p 9f       -1.25137E-02  5.88779E-01  7.0
    406 14 14  130   7 3s2 3p10f       -1.01230E-02  5.91170E-01  7.0
    407 14 14  131   1 3s2 3p 3d       -1.16967E-01  4.84326E-01  7.0
    408 14 14  131   2 3s2 3p 4d       -6.40988E-02  5.37194E-01  7.0
    409 14 14  131   3 3s2 3p 5d       -4.07478E-02  5.60545E-01  7.0
    410 14 14  131   4 3s2 3p 5g       -3.99073E-02  5.61386E-01  7.0
    411 14 14  131   5 3s2 3p 6d       -2.82043E-02  5.73089E-01  7.0
    412 14 14  131   6 3s2 3p 6g       -2.77337E-02  5.73559E-01  7.0
    413 14 14  131   7 3s2 3p 7d       -2.06771E-02  5.80616E-01  7.0
    414 14 14  131   8 3s2 3p 7g       -2.03828E-02  5.80910E-01  7.0
    415 14 14  131   9 3s2 3p 8d       -1.58057E-02  5.85487E-01  7.0
    416 14 14  131  10 3s2 3p 8g       -1.56087E-02  5.85684E-01  7.0
    417 14 14  131  11 3s2 3p 9d       -1.24729E-02  5.88820E-01  7.0
    418 14 14  131  12 3s2 3p 9g       -1.23344E-02  5.88959E-01  7.0
    419 14 14  131  13 3s2 3p10d       -1.00930E-02  5.91200E-01  7.0
    420 14 14  140   1 3s2 3p 4f       -6.27923E-02  5.38501E-01  9.0
    421 14 14  140   2 3s2 3p 5f       -4.01980E-02  5.61095E-01  9.0
    422 14 14  140   3 3s2 3p 6f       -2.79059E-02  5.73387E-01  9.0
    423 14 14  140   4 3s2 3p 6h       -2.77607E-02  5.73532E-01  9.0
    424 14 14  140   5 3s2 3p 7f       -2.04937E-02  5.80799E-01  9.0
    425 14 14  140   6 3s2 3p 7h       -2.03942E-02  5.80899E-01  9.0
    426 14 14  140   7 3s2 3p 8f       -1.56844E-02  5.85609E-01  9.0
    427 14 14  140   8 3s2 3p 8h       -1.56150E-02  5.85678E-01  9.0
    428 14 14  140   9 3s2 3p 9f       -1.23884E-02  5.88905E-01  9.0
    429 14 14  140  10 3s2 3p 9h       -1.23386E-02  5.88954E-01  9.0
    430 14 14  140  11 3s2 3p10f       -1.00316E-02  5.91261E-01  9.0
    431 14 14  141   1 3s2 3p 5g       -4.03025E-02  5.60991E-01  9.0
    432 14 14  141   2 3s2 3p 6g       -2.79525E-02  5.73341E-01  9.0
    433 14 14  141   3 3s2 3p 7g       -2.05193E-02  5.80774E-01  9.0
    434 14 14  141   4 3s2 3p 8g       -1.57006E-02  5.85592E-01  9.0
    435 14 14  141   5 3s2 3p 9g       -1.23996E-02  5.88893E-01  9.0
    436 14 14  141   6 3s2 3p10g       -1.00397E-02  5.91253E-01  9.0
    437 14 14  150   1 3s2 3p 6h       -2.78267E-02  5.73466E-01 11.0
    438 14 14  150   2 3s2 3p 7h       -2.04507E-02  5.80842E-01 11.0
    439 14 14  150   3 3s2 3p 8h       -1.56568E-02  5.85636E-01 11.0
    440 14 14  150   4 3s2 3p 9h       -1.23691E-02  5.88924E-01 11.0
    441 14 14  150   5 3s2 3p10h       -1.00175E-02  5.91276E-01 11.0
    442 14 14  151   1 3s2 3p 5g       -3.99965E-02  5.61297E-01 11.0
    443 14 14  151   2 3s2 3p 6g       -2.77833E-02  5.73510E-01 11.0
    444 14 14  151   3 3s2 3p 7g       -2.04211E-02  5.80872E-01 11.0
    445 14 14  151   4 3s2 3p 7i       -2.03993E-02  5.80894E-01 11.0
    446 14 14  151   5 3s2 3p 8g       -1.56348E-02  5.85658E-01 11.0
    447 14 14  151   6 3s2 3p 8i       -1.56178E-02  5.85675E-01 11.0
    448 14 14  151   7 3s2 3p 9g       -1.23528E-02  5.88940E-01 11.0
    449 14 14  151   8 3s2 3p 9i       -1.23403E-02  5.88953E-01 11.0
    450 14 14  151   9 3s2 3p10g       -1.00052E-02  5.91288E-01 11.0
    451 14 14  160   1 3s2 3p 6h       -2.77730E-02  5.73520E-01 13.0
    452 14 14  160   2 3s2 3p 7h       -2.04047E-02  5.80888E-01 13.0
    453 14 14  160   3 3s2 3p 8k       -1.56267E-02  5.85666E-01 13.0
    454 14 14  160   4 3s2 3p 8h       -1.56210E-02  5.85672E-01 13.0
    455 14 14  160   5 3s2 3p 9h:      -1.23477E-02  5.88945E-01 13.0
    456 14 14  160   6 3s2 3p 9k       -1.23420E-02  5.88951E-01 13.0
    457 14 14  160   7 3s2 3p10h       -1.00019E-02  5.91291E-01 13.0
    458 14 14  161   1 3s2 3p 7i       -2.04128E-02  5.80880E-01 13.0
    459 14 14  161   2 3s2 3p 8i       -1.56309E-02  5.85662E-01 13.0
    460 14 14  161   3 3s2 3p 9i       -1.23512E-02  5.88942E-01 13.0
    461 14 14  161   4 3s2 3p10i       -1.00048E-02  5.91288E-01 13.0
    462 14 14  300   1 3s2 3p 4p       -1.48242E-01  4.53051E-01  3.0
    463 14 14  300   2 3s2 3p 5p       -7.62939E-02  5.24999E-01  3.0
    464 14 14  300   3 3s2 3p 6p       -4.67570E-02  5.54536E-01  3.0
    465 14 14  300   4 3s2 3p 7p       -3.15746E-02  5.69718E-01  3.0
    466 14 14  300   5 3s2 3p 8p       -2.27532E-02  5.78540E-01  3.0
    467 14 14  300   6 3s2 3p 9p       -1.71743E-02  5.84119E-01  3.0
    468 14 14  300   7 3s2 3p10p       -1.34225E-02  5.87871E-01  3.0
    469 14 14  300   8 3s2 3p11p       -1.07786E-02  5.90514E-01  3.0
    470 14 14  301   1 3s 3p3           1.21599E-01  7.22892E-01  3.0
    471 14 14  301   2 3s 3p2(4PE) 4p   2.34416E-01  8.35709E-01  3.0
    472 14 14  301   3 3s 3p2(4PE) 5p   2.93108E-01  8.94401E-01  3.0
    473 14 14  301   4 3s 3p2(4PE) 6p   3.22080E-01  9.23373E-01  3.0
    474 14 14  301   5 3s 3p2(4PE) 7p   3.37275E-01  9.38568E-01  3.0
    475 14 14  301   6 3s 3p2(4PE) 8p   3.46190E-01  9.47483E-01  3.0
    476 14 14  301   7 3s 3p2(4PE) 9p   3.51840E-01  9.53133E-01  3.0
    477 14 14  301   8 3s 3p2(4PE)10p   3.55641E-01  9.56934E-01  3.0
    478 14 14  301   9 3s 3p2(4PE)11p   3.58318E-01  9.59611E-01  3.0
    479 14 14  310   1 3s2 3p2         -6.01293E-01  0.00000E+00  9.0
    480 14 14  310   2 3s2 3p 4p       -1.47805E-01  4.53488E-01  9.0
    481 14 14  310   3 3s2 3p 5p       -7.64204E-02  5.24873E-01  9.0
    482 14 14  310   4 3s2 3p 6p       -4.66944E-02  5.54599E-01  9.0
    483 14 14  310   5 3s2 3p 7p       -3.15572E-02  5.69736E-01  9.0
    484 14 14  310   6 3s2 3p 8p       -2.27468E-02  5.78546E-01  9.0
    485 14 14  310   7 3s2 3p 9p       -1.71714E-02  5.84122E-01  9.0
    486 14 14  310   8 3s2 3p10p       -1.34210E-02  5.87872E-01  9.0
    487 14 14  310   9 3s2 3p11p       -1.07778E-02  5.90515E-01  9.0
    488 14 14  311   1 3s2 3p 4s       -2.37556E-01  3.63737E-01  9.0
    489 14 14  311   2 3s2 3p 3d       -1.45398E-01  4.55895E-01  9.0
    490 14 14  311   3 3s2 3p 5s       -1.04190E-01  4.97103E-01  9.0
    491 14 14  311   4 3s2 3p 4d       -8.55707E-02  5.15722E-01  9.0
    492 14 14  311   5 3s2 3p 6s       -5.91633E-02  5.42130E-01  9.0
    493 14 14  311   6 3s2 3p 5d       -5.46161E-02  5.46677E-01  9.0
    494 14 14  311   7 3s2 3p 7s       -3.81953E-02  5.63098E-01  9.0
    495 14 14  311   8 3s2 3p 6d:      -3.69510E-02  5.64342E-01  9.0
    496 14 14  311   9 3s2 3p 8s       -2.67118E-02  5.74581E-01  9.0
    497 14 14  311  10 3s2 3p 7d:      -2.63669E-02  5.74926E-01  9.0
    498 14 14  311  11 3s2 3p 9s       -1.97486E-02  5.81544E-01  9.0
    499 14 14  311  12 3s2 3p 8d:      -1.96415E-02  5.81652E-01  9.0
    500 14 14  311  13 3s2 3p10s       -1.52184E-02  5.86075E-01  9.0
    501 14 14  311  14 3s2 3p 9d:      -1.51352E-02  5.86158E-01  9.0
    502 14 14  311  15 3s2 3p11s       -1.20865E-02  5.89207E-01  9.0
    503 14 14  311  16 3s2 3p10d:      -1.20037E-02  5.89289E-01  9.0
    504 14 14  320   1 3s2 3p 4p       -1.59109E-01  4.42184E-01 15.0
    505 14 14  320   2 3s2 3p 5p       -7.97954E-02  5.21498E-01 15.0
    506 14 14  320   3 3s2 3p 4f       -6.22423E-02  5.39051E-01 15.0
    507 14 14  320   4 3s2 3p 6p       -4.82574E-02  5.53036E-01 15.0
    508 14 14  320   5 3s2 3p 5f       -3.99328E-02  5.61360E-01 15.0
    509 14 14  320   6 3s2 3p 7p       -3.23819E-02  5.68911E-01 15.0
    510 14 14  320   7 3s2 3p 6f       -2.77492E-02  5.73544E-01 15.0
    511 14 14  320   8 3s2 3p 8p       -2.32368E-02  5.78056E-01 15.0
    512 14 14  320   9 3s2 3p 7f       -2.03948E-02  5.80898E-01 15.0
    513 14 14  320  10 3s2 3p 9p       -1.74870E-02  5.83806E-01 15.0
    514 14 14  320  11 3s2 3p 8f       -1.56182E-02  5.85675E-01 15.0
    515 14 14  320  12 3s2 3p10p       -1.36365E-02  5.87656E-01 15.0
    516 14 14  320  13 3s2 3p 9f       -1.23420E-02  5.88951E-01 15.0
    517 14 14  320  14 3s2 3p11p       -1.09316E-02  5.90361E-01 15.0
    518 14 14  321   1 3s 3p3          -1.98116E-01  4.03177E-01 15.0
    519 14 14  321   2 3s2 3p 3d       -1.09260E-01  4.92033E-01 15.0
    520 14 14  321   3 3s2 3p 4d       -6.29674E-02  5.38326E-01 15.0
    521 14 14  321   4 3s2 3p 5d       -4.04961E-02  5.60797E-01 15.0
    522 14 14  321   5 3s2 3p 6d       -2.81786E-02  5.73114E-01 15.0
    523 14 14  321   6 3s2 3p 7d       -2.07052E-02  5.80588E-01 15.0
    524 14 14  321   7 3s2 3p 8d       -1.58430E-02  5.85450E-01 15.0
    525 14 14  321   8 3s2 3p 9d       -1.25078E-02  5.88785E-01 15.0
    526 14 14  321   9 3s2 3p10d       -1.01228E-02  5.91170E-01 15.0
    527 14 14  330   1 3s2 3p 4f       -6.42530E-02  5.37040E-01 21.0
    528 14 14  330   2 3s2 3p 5f       -4.08917E-02  5.60401E-01 21.0
    529 14 14  330   3 3s2 3p 6f       -2.83114E-02  5.72982E-01 21.0
    530 14 14  330   4 3s2 3p 7f       -2.07490E-02  5.80544E-01 21.0
    531 14 14  330   5 3s2 3p 8f       -1.58552E-02  5.85438E-01 21.0
    532 14 14  330   6 3s2 3p 9f       -1.25082E-02  5.88785E-01 21.0
    533 14 14  330   7 3s2 3p10f       -1.01189E-02  5.91174E-01 21.0
    534 14 14  331   1 3s2 3p 3d       -1.50363E-01  4.50930E-01 21.0
    535 14 14  331   2 3s2 3p 4d       -7.74882E-02  5.23805E-01 21.0
    536 14 14  331   3 3s2 3p 5d       -4.74261E-02  5.53867E-01 21.0
    537 14 14  331   4 3s2 3p 5g       -3.99105E-02  5.61383E-01 21.0
    538 14 14  331   5 3s2 3p 6d       -3.19679E-02  5.69325E-01 21.0
    539 14 14  331   6 3s2 3p 6g       -2.77345E-02  5.73559E-01 21.0
    540 14 14  331   7 3s2 3p 7d       -2.30015E-02  5.78292E-01 21.0
    541 14 14  331   8 3s2 3p 7g       -2.03833E-02  5.80910E-01 21.0
    542 14 14  331   9 3s2 3p 8d       -1.73407E-02  5.83952E-01 21.0
    543 14 14  331  10 3s2 3p 8g       -1.56090E-02  5.85684E-01 21.0
    544 14 14  331  11 3s2 3p 9d       -1.35392E-02  5.87754E-01 21.0
    545 14 14  331  12 3s2 3p 9g       -1.23347E-02  5.88958E-01 21.0
    546 14 14  331  13 3s2 3p10d       -1.08636E-02  5.90429E-01 21.0
    547 14 14  340   1 3s2 3p 4f       -6.28758E-02  5.38417E-01 27.0
    548 14 14  340   2 3s2 3p 5f       -4.02601E-02  5.61033E-01 27.0
    549 14 14  340   3 3s2 3p 6f       -2.79472E-02  5.73346E-01 27.0
    550 14 14  340   4 3s2 3p 6h       -2.77608E-02  5.73532E-01 27.0
    551 14 14  340   5 3s2 3p 7f       -2.05219E-02  5.80771E-01 27.0
    552 14 14  340   6 3s2 3p 7h       -2.03943E-02  5.80899E-01 27.0
    553 14 14  340   7 3s2 3p 8f       -1.57042E-02  5.85589E-01 27.0
    554 14 14  340   8 3s2 3p 8h       -1.56151E-02  5.85678E-01 27.0
    555 14 14  340   9 3s2 3p 9f       -1.24028E-02  5.88890E-01 27.0
    556 14 14  340  10 3s2 3p 9h       -1.23386E-02  5.88954E-01 27.0
    557 14 14  340  11 3s2 3p10f       -1.00424E-02  5.91251E-01 27.0
    558 14 14  341   1 3s2 3p 5g       -4.03023E-02  5.60991E-01 27.0
    559 14 14  341   2 3s2 3p 6g       -2.79524E-02  5.73341E-01 27.0
    560 14 14  341   3 3s2 3p 7g       -2.05192E-02  5.80774E-01 27.0
    561 14 14  341   4 3s2 3p 8g       -1.57006E-02  5.85592E-01 27.0
    562 14 14  341   5 3s2 3p 9g       -1.23995E-02  5.88894E-01 27.0
    563 14 14  341   6 3s2 3p10g       -1.00397E-02  5.91253E-01 27.0
    564 14 14  350   1 3s2 3p 6h       -2.78267E-02  5.73466E-01 33.0
    565 14 14  350   2 3s2 3p 7h       -2.04507E-02  5.80842E-01 33.0
    566 14 14  350   3 3s2 3p 8h       -1.56568E-02  5.85636E-01 33.0
    567 14 14  350   4 3s2 3p 9h       -1.23691E-02  5.88924E-01 33.0
    568 14 14  350   5 3s2 3p10h       -1.00175E-02  5.91276E-01 33.0
    569 14 14  351   1 3s2 3p 5g       -3.99974E-02  5.61296E-01 33.0
    570 14 14  351   2 3s2 3p 6g       -2.77841E-02  5.73509E-01 33.0
    571 14 14  351   3 3s2 3p 7g       -2.04215E-02  5.80872E-01 33.0
    572 14 14  351   4 3s2 3p 7i       -2.03995E-02  5.80894E-01 33.0
    573 14 14  351   5 3s2 3p 8g       -1.56351E-02  5.85658E-01 33.0
    574 14 14  351   6 3s2 3p 8i       -1.56179E-02  5.85675E-01 33.0
    575 14 14  351   7 3s2 3p 9g       -1.23530E-02  5.88940E-01 33.0
    576 14 14  351   8 3s2 3p 9i       -1.23404E-02  5.88953E-01 33.0
    577 14 14  351   9 3s2 3p10g       -1.00054E-02  5.91288E-01 33.0
    578 14 14  360   1 3s2 3p 6h       -2.77730E-02  5.73520E-01 39.0
    579 14 14  360   2 3s2 3p 7h       -2.04047E-02  5.80888E-01 39.0
    580 14 14  360   3 3s2 3p 8k       -1.56267E-02  5.85666E-01 39.0
    581 14 14  360   4 3s2 3p 8h       -1.56210E-02  5.85672E-01 39.0
    582 14 14  360   5 3s2 3p 9h:      -1.23478E-02  5.88945E-01 39.0
    583 14 14  360   6 3s2 3p 9k       -1.23420E-02  5.88951E-01 39.0
    584 14 14  360   7 3s2 3p10h       -1.00019E-02  5.91291E-01 39.0
    585 14 14  361   1 3s2 3p 7i       -2.04128E-02  5.80880E-01 39.0
    586 14 14  361   2 3s2 3p 8i       -1.56309E-02  5.85662E-01 39.0
    587 14 14  361   3 3s2 3p 9i       -1.23512E-02  5.88942E-01 39.0
    588 14 14  361   4 3s2 3p10i       -1.00048E-02  5.91288E-01 39.0
    589 14 14  501   1 3s 3p3          -3.15898E-01  2.85395E-01  5.0
    590 14 14  501   2 3s 3p2(4PE) 4p   2.22951E-01  8.24244E-01  5.0
    591 14 14  501   3 3s 3p2(4PE) 5p   2.92820E-01  8.94113E-01  5.0
    592 14 14  501   4 3s 3p2(4PE) 6p   3.22616E-01  9.23909E-01  5.0
    593 14 14  501   5 3s 3p2(4PE) 7p   3.37721E-01  9.39014E-01  5.0
    594 14 14  501   6 3s 3p2(4PE) 8p   3.46506E-01  9.47799E-01  5.0
    595 14 14  501   7 3s 3p2(4PE) 9p   3.52065E-01  9.53358E-01  5.0
    596 14 14  501   8 3s 3p2(4PE)10p   3.55804E-01  9.57097E-01  5.0
    597 14 14  501   9 3s 3p2(4PE)11p   3.58439E-01  9.59732E-01  5.0
    598 14 14  510   1 3s 3p2(4PE) 4s   1.27712E-01  7.29005E-01 15.0
    599 14 14  510   2 3s 3p2(4PE) 3d   2.39744E-01  8.41037E-01 15.0
    600 14 14  510   3 3s 3p2(4PE) 5s   2.64316E-01  8.65609E-01 15.0
    601 14 14  510   4 3s 3p2(4PE) 4d   2.98965E-01  9.00258E-01 15.0
    602 14 14  510   5 3s 3p2(4PE) 6s   3.09775E-01  9.11068E-01 15.0
    603 14 14  510   6 3s 3p2(4PE) 5d   3.25237E-01  9.26530E-01 15.0
    604 14 14  510   7 3s 3p2(4PE) 7s   3.30890E-01  9.32183E-01 15.0
    605 14 14  510   8 3s 3p2(4PE) 6d   3.39114E-01  9.40407E-01 15.0
    606 14 14  510   9 3s 3p2(4PE) 8s   3.42432E-01  9.43725E-01 15.0
    607 14 14  510  10 3s 3p2(4PE) 7d   3.47335E-01  9.48628E-01 15.0
    608 14 14  510  11 3s 3p2(4PE) 9s   3.49437E-01  9.50730E-01 15.0
    609 14 14  510  12 3s 3p2(4PE) 8d   3.52597E-01  9.53890E-01 15.0
    610 14 14  510  13 3s 3p2(4PE)10s   3.54011E-01  9.55304E-01 15.0
    611 14 14  510  14 3s 3p2(4PE) 9d   3.56166E-01  9.57459E-01 15.0
    612 14 14  510  15 3s 3p2(4PE)11s   3.57161E-01  9.58454E-01 15.0
    613 14 14  510  16 3s 3p2(4PE)10d   3.58697E-01  9.59990E-01 15.0
    614 14 14  511   1 3s 3p2(4PE) 4p   2.17288E-01  8.18581E-01 15.0
    615 14 14  511   2 3s 3p2(4PE) 5p   2.91433E-01  8.92726E-01 15.0
    616 14 14  511   3 3s 3p2(4PE) 6p   3.21763E-01  9.23056E-01 15.0
    617 14 14  511   4 3s 3p2(4PE) 7p   3.37249E-01  9.38542E-01 15.0
    618 14 14  511   5 3s 3p2(4PE) 8p   3.46216E-01  9.47509E-01 15.0
    619 14 14  511   6 3s 3p2(4PE) 9p   3.51873E-01  9.53166E-01 15.0
    620 14 14  511   7 3s 3p2(4PE)10p   3.55670E-01  9.56963E-01 15.0
    621 14 14  511   8 3s 3p2(4PE)11p   3.58342E-01  9.59635E-01 15.0
    622 14 14  520   1 3s 3p2(4PE) 3d   2.24750E-01  8.26043E-01 25.0
    623 14 14  520   2 3s 3p2(4PE) 4d   2.92073E-01  8.93366E-01 25.0
    624 14 14  520   3 3s 3p2(4PE) 5d   3.21798E-01  9.23091E-01 25.0
    625 14 14  520   4 3s 3p2(4PE) 6d   3.37228E-01  9.38521E-01 25.0
    626 14 14  520   5 3s 3p2(4PE) 7d   3.46187E-01  9.47480E-01 25.0
    627 14 14  520   6 3s 3p2(4PE) 8d   3.51847E-01  9.53140E-01 25.0
    628 14 14  520   7 3s 3p2(4PE) 9d   3.55649E-01  9.56942E-01 25.0
    629 14 14  520   8 3s 3p2(4PE)10d   3.58325E-01  9.59618E-01 25.0
    630 14 14  521   1 3s 3p2(4PE) 4p   2.07319E-01  8.08612E-01 25.0
    631 14 14  521   2 3s 3p2(4PE) 5p   2.88344E-01  8.89637E-01 25.0
    632 14 14  521   3 3s 3p2(4PE) 4f   3.05606E-01  9.06899E-01 25.0
    633 14 14  521   4 3s 3p2(4PE) 6p   3.20447E-01  9.21740E-01 25.0
    634 14 14  521   5 3s 3p2(4PE) 5f   3.28638E-01  9.29931E-01 25.0
    635 14 14  521   6 3s 3p2(4PE) 7p   3.36549E-01  9.37842E-01 25.0
    636 14 14  521   7 3s 3p2(4PE) 6f   3.41079E-01  9.42372E-01 25.0
    637 14 14  521   8 3s 3p2(4PE) 8p   3.45799E-01  9.47092E-01 25.0
    638 14 14  521   9 3s 3p2(4PE) 7f   3.48569E-01  9.49862E-01 25.0
    639 14 14  521  10 3s 3p2(4PE) 9p   3.51604E-01  9.52897E-01 25.0
    640 14 14  521  11 3s 3p2(4PE) 8f   3.53421E-01  9.54714E-01 25.0
    641 14 14  521  12 3s 3p2(4PE)10p   3.55486E-01  9.56779E-01 25.0
    642 14 14  521  13 3s 3p2(4PE) 9f   3.56743E-01  9.58036E-01 25.0
    643 14 14  521  14 3s 3p2(4PE)11p   3.58211E-01  9.59504E-01 25.0
    644 14 14  521  15 3s 3p2(4PE)10f   3.59117E-01  9.60410E-01 25.0
    645 14 14  530   1 3s 3p2(4PE) 3d   2.02783E-01  8.04076E-01 35.0
    646 14 14  530   2 3s 3p2(4PE) 4d   2.87075E-01  8.88368E-01 35.0
    647 14 14  530   3 3s 3p2(4PE) 5d   3.19808E-01  9.21101E-01 35.0
    648 14 14  530   4 3s 3p2(4PE) 5g   3.29026E-01  9.30319E-01 35.0
    649 14 14  530   5 3s 3p2(4PE) 6d   3.36207E-01  9.37500E-01 35.0
    650 14 14  530   6 3s 3p2(4PE) 6g   3.41323E-01  9.42616E-01 35.0
    651 14 14  530   7 3s 3p2(4PE) 7d   3.45589E-01  9.46882E-01 35.0
    652 14 14  530   8 3s 3p2(4PE) 7g   3.48727E-01  9.50020E-01 35.0
    653 14 14  530   9 3s 3p2(4PE) 8d   3.51465E-01  9.52758E-01 35.0
    654 14 14  530  10 3s 3p2(4PE) 8g   3.53529E-01  9.54822E-01 35.0
    655 14 14  530  11 3s 3p2(4PE) 9d   3.55389E-01  9.56682E-01 35.0
    656 14 14  530  12 3s 3p2(4PE) 9g   3.56819E-01  9.58112E-01 35.0
    657 14 14  530  13 3s 3p2(4PE)10d   3.58140E-01  9.59433E-01 35.0
    658 14 14  530  14 3s 3p2(4PE)10g   3.59172E-01  9.60465E-01 35.0
    659 14 14  531   1 3s 3p2(4PE) 4f   3.07567E-01  9.08860E-01 35.0
    660 14 14  531   2 3s 3p2(4PE) 5f   3.29555E-01  9.30848E-01 35.0
    661 14 14  531   3 3s 3p2(4PE) 6f   3.41618E-01  9.42911E-01 35.0
    662 14 14  531   4 3s 3p2(4PE) 7f   3.48909E-01  9.50202E-01 35.0
    663 14 14  531   5 3s 3p2(4PE) 8f   3.53649E-01  9.54942E-01 35.0
    664 14 14  531   6 3s 3p2(4PE) 9f   3.56903E-01  9.58196E-01 35.0
    665 14 14  540   1 3s 3p2(4PE) 5g   3.29427E-01  9.30720E-01 45.0
    666 14 14  540   2 3s 3p2(4PE) 6g   3.41546E-01  9.42839E-01 45.0
    667 14 14  540   3 3s 3p2(4PE) 7g   3.48866E-01  9.50159E-01 45.0
    668 14 14  540   4 3s 3p2(4PE) 8g   3.53622E-01  9.54915E-01 45.0
    669 14 14  540   5 3s 3p2(4PE) 9g   3.56885E-01  9.58178E-01 45.0
    670 14 14  541   1 3s 3p2(4PE) 4f   3.06006E-01  9.07299E-01 45.0
    671 14 14  541   2 3s 3p2(4PE) 5f   3.28802E-01  9.30095E-01 45.0
    672 14 14  541   3 3s 3p2(4PE) 6f   3.41172E-01  9.42465E-01 45.0
    673 14 14  541   4 3s 3p2(4PE) 6h   3.41388E-01  9.42681E-01 45.0
    674 14 14  541   5 3s 3p2(4PE) 7f   3.48626E-01  9.49919E-01 45.0
    675 14 14  541   6 3s 3p2(4PE) 7h   3.48761E-01  9.50054E-01 45.0
    676 14 14  541   7 3s 3p2(4PE) 8f   3.53459E-01  9.54752E-01 45.0
    677 14 14  541   8 3s 3p2(4PE) 8h   3.53550E-01  9.54843E-01 45.0
    678 14 14  541   9 3s 3p2(4PE) 9f   3.56769E-01  9.58062E-01 45.0
    679 14 14  541  10 3s 3p2(4PE) 9h   3.56834E-01  9.58127E-01 45.0
    680 14 14  541  11 3s 3p2(4PE)10f   3.59135E-01  9.60428E-01 45.0
    681 14 14  541  12 3s 3p2(4PE)10h   3.59183E-01  9.60476E-01 45.0
    682 14 14  550   1 3s 3p2(4PE) 5g   3.29099E-01  9.30392E-01 55.0
    683 14 14  550   2 3s 3p2(4PE) 6g   3.41361E-01  9.42654E-01 55.0
    684 14 14  550   3 3s 3p2(4PE) 7g   3.48747E-01  9.50040E-01 55.0
    685 14 14  550   4 3s 3p2(4PE) 7i   3.48785E-01  9.50078E-01 55.0
    686 14 14  550   5 3s 3p2(4PE) 8g   3.53541E-01  9.54834E-01 55.0
    687 14 14  550   6 3s 3p2(4PE) 8i   3.53567E-01  9.54860E-01 55.0
    688 14 14  550   7 3s 3p2(4PE) 9g   3.56828E-01  9.58121E-01 55.0
    689 14 14  550   8 3s 3p2(4PE) 9i   3.56846E-01  9.58139E-01 55.0
    690 14 14  551   1 3s 3p2(4PE) 6h   3.41456E-01  9.42749E-01 55.0
    691 14 14  551   2 3s 3p2(4PE) 7h   3.48820E-01  9.50113E-01 55.0
    692 14 14  551   3 3s 3p2(4PE) 8h   3.53594E-01  9.54887E-01 55.0
    693 14 14  551   4 3s 3p2(4PE) 9h   3.56866E-01  9.58159E-01 55.0
 ====================================================================
